  9809     SAGA-LS   BL11
 20190219_09_K2  19.02.19 18:47 - 19.02.19 19:16
 S-K ROI 215-255ch, CEY 400V
 Ring :   1.4 GeV   204.1 mA -  193.0 mA
 Mono :   SI(111)       D=  3.13551 A    Initial angle= 53.80180 deg
 BL11      Transmission( 2)   Repetition=  1     Points=475
 Param file : --              energy axis(2)     Block =    3

 Block      Init-Eng  final-Eng      Step/eV     Time/s       Num
     1        2440.00   2442.00         0.50       3.00         4
     2        2442.00   2532.96         0.20       3.00       450
     3        2532.96   2540.00         0.35       3.00        21
 CAMAC( 1)     NDCH = 9
  Angle(c)  Angle(o)    time/s         1         2         3         1         2         3         1         2         3
      Mode         0         0         3         1         4       103       101       104         5         5         5
    Offset         0         0     0.000191361.400230259.300     0.000     0.000     0.000     0.000     0.000     0.000
  54.12391  54.12400      3.00       696   8757037  13533747      2289         0         0   2997502         0         0
  54.10768  54.10790      3.00       708   8811513  13596347      2173         0         0   2998170         0         0
  54.09147  54.09170      3.00       704   8902688  13735548      2297         0         0   2997650         0         0
  54.07527  54.07550      3.00       724   8940686  13786518      2333         0         0   2997966         0         0
  54.05908  54.05930      3.00       743   8939981  13789910      2290         0         0   2997445         0         0
  54.05254  54.05280      3.00       748   8949057  13801577      2276         0         0   2997663         0         0
  54.04600  54.04620      3.00       759   8990065  13844426      2331         0         0   2998011         0         0
  54.03946  54.03970      3.00       768   9016829  13893914      2402         0         0   2997662         0         0
  54.03293  54.03320      3.00       764   9024695  13900066      2366         0         0   2997584         0         0
  54.02640  54.02660      3.00       727   9046442  13943756      2292         0         0   2997439         0         0
  54.01987  54.02020      3.00       795   9036727  13917960      2361         0         0   2997928         0         0
  54.01334  54.01360      3.00       785   9033012  13924788      2336         0         0   2997929         0         0
  54.00681  54.00700      3.00       804   9016785  13905291      2437         0         0   2997663         0         0
  54.00029  54.00060      3.00       765   8967837  13853883      2404         0         0   3001694         0         0
  53.99377  53.99440      3.00       762   8975807  13850068      2348         0         0   3001646         0         0
  53.98725  53.98750      3.00       775   8950899  13823454      2395         0         0   2997482         0         0
  53.98073  53.98100      3.00       799   8967444  13835477      2309         0         0   2998213         0         0
  53.97422  53.97450      3.00       792   8958539  13824899      2287         0         0   2997478         0         0
  53.96770  53.96790      3.00       790   8965948  13834860      2407         0         0   3001683         0         0
  53.96119  53.96150      3.00       849   8963870  13847319      2434         0         0   2997484         0         0
  53.95468  53.95490      3.00       842   8972759  13865003      2439         0         0   2998177         0         0
  53.94817  53.94840      3.00       796   8988411  13866421      2404         0         0   2997510         0         0
  53.94167  53.94200      3.00       808   8996225  13882446      2340         0         0   2997650         0         0
  53.93517  53.93540      3.00       848   9006560  13889439      2476         0         0   2997646         0         0
  53.92867  53.92890      3.00       880   9003548  13906192      2517         0         0   2997440         0         0
  53.92217  53.92240      3.00       837   9014748  13919126      2410         0         0   2997493         0         0
  53.91567  53.91590      3.00       780   9013365  13915474      2368         0         0   2997731         0         0
  53.90918  53.90940      3.00       791   9040562  13961547      2375         0         0   2997518         0         0
  53.90268  53.90290      3.00       886   9039459  13952358      2522         0         0   2998211         0         0
  53.89619  53.89640      3.00       840   9062144  13990447      2403         0         0   2998124         0         0
  53.88970  53.89000      3.00       886   9047183  13974298      2538         0         0   2997982         0         0
  53.88322  53.88350      3.00       927   9023248  13937829      2500         0         0   2997612         0         0
  53.87673  53.87690      3.00       888   9020183  13938012      2509         0         0   2997414         0         0
  53.87025  53.87050      3.00       863   9038642  13952460      2388         0         0   2997626         0         0
  53.86377  53.86400      3.00       923   9021995  13939149      2466         0         0   2997430         0         0
  53.85729  53.85750      3.00       944   9020177  13938811      2539         0         0   2997470         0         0
  53.85082  53.85110      3.00       935   9059258  13982117      2498         0         0   2997436         0         0
  53.84434  53.84450      3.00       873   9090454  14037853      2445         0         0   2997869         0         0
  53.83787  53.83810      3.00       869   9068341  14011335      2421         0         0   3001690         0         0
  53.83140  53.83170      3.00       866   9017699  13936698      2425         0         0   2997674         0         0
  53.82494  53.82520      3.00       886   8990809  13887097      2483         0         0   2997459         0         0
  53.81847  53.81870      3.00       928   9000148  13908781      2502         0         0   2997684         0         0
  53.81201  53.81230      3.00       945   8985626  13896487      2465         0         0   2997491         0         0
  53.80555  53.80580      3.00       938   9000903  13913621      2547         0         0   2997479         0         0
  53.79909  53.79940      3.00       884   9010808  13940698      2387         0         0   2997676         0         0
  53.79263  53.79290      3.00       967   9016560  13953077      2543         0         0   2997496         0         0
  53.78617  53.78640      3.00       982   9022741  13969158      2567         0         0   2997654         0         0
  53.77972  53.78000      3.00       981   9014705  13954173      2536         0         0   2997690         0         0
  53.77327  53.77360      3.00      1024   9026002  13968789      2593         0         0   2997683         0         0
  53.76682  53.76710      3.00       976   9015462  13945526      2575         0         0   2997458         0         0
  53.76037  53.76070      3.00      1012   9024282  13954509      2568         0         0   2997630         0         0
  53.75393  53.75420      3.00      1007   9024113  13964714      2573         0         0   2997482         0         0
  53.74749  53.74780      3.00       936   9024101  13963165      2520         0         0   2997380         0         0
  53.74104  53.74140      3.00       964   9024598  13976652      2518         0         0   2997462         0         0
  53.73461  53.73490      3.00      1012   9025568  13965791      2571         0         0   2997628         0         0
  53.72817  53.72850      3.00      1008   9016567  13955590      2588         0         0   2997408         0         0
  53.72173  53.72210      3.00      1003   8977944  13917642      2561         0         0   2997535         0         0
  53.71530  53.71560      3.00      1107   8968827  13895297      2649         0         0   2997574         0         0
  53.70887  53.70920      3.00      1106   8962928  13894458      2635         0         0   2998258         0         0
  53.70244  53.70280      3.00      1164   8956369  13885630      2748         0         0   2997498         0         0
  53.69602  53.69630      3.00      1190   8953635  13875926      2762         0         0   2997648         0         0
  53.68959  53.68990      3.00      1210   8951430  13883839      2811         0         0   2997540         0         0
  53.68317  53.68350      3.00      1261   8973744  13902971      2834         0         0   2997524         0         0
  53.67675  53.67700      3.00      1221   8981655  13928161      2833         0         0   2998259         0         0
  53.67033  53.67070      3.00      1148   9009137  13954649      2693         0         0   2997757         0         0
  53.66391  53.66430      3.00      1174   9036666  13995316      2769         0         0   2997528         0         0
  53.65750  53.65780      3.00      1097   9064212  14032737      2612         0         0   2997699         0         0
  53.65109  53.65150      3.00      1162   9041428  14018256      2693         0         0   2997444         0         0
  53.64468  53.64500      3.00      1088   9037952  14009945      2626         0         0   2997460         0         0
  53.63827  53.63870      3.00      1119   9046444  14012607      2677         0         0   2998017         0         0
  53.63186  53.63230      3.00      1073   9057528  14038085      2626         0         0   2997698         0         0
  53.62546  53.62580      3.00      1070   9042609  14015275      2567         0         0   2997621         0         0
  53.61906  53.61940      3.00      1119   9026445  13986970      2666         0         0   2997662         0         0
  53.61266  53.61310      3.00      1077   9000787  13960291      2593         0         0   2997452         0         0
  53.60626  53.60660      3.00      1157   9040166  14012223      2621         0         0   2998440         0         0
  53.59986  53.60030      3.00      1180   9055909  14052929      2762         0         0   2998178         0         0
  53.59347  53.59380      3.00      1223   9095181  14100532      2737         0         0   2998455         0         0
  53.58708  53.58750      3.00      1190   9131387  14144710      2694         0         0   2997642         0         0
  53.58069  53.58120      3.00      1183   9138231  14152696      2676         0         0   2998048         0         0
  53.57430  53.57470      3.00      1185   9152204  14196571      2687         0         0   2997660         0         0
  53.56791  53.56830      3.00      1276   9173061  14212899      2918         0         0   2998230         0         0
  53.56153  53.56200      3.00      1219   9137845  14165170      2812         0         0   2997925         0         0
  53.55515  53.55560      3.00      1198   9081655  14093477      2655         0         0   2997742         0         0
  53.54877  53.54930      3.00      1288   9019171  14007792      2754         0         0   2997972         0         0
  53.54239  53.54290      3.00      1198   8966492  13941112      2650         0         0   2997979         0         0
  53.53601  53.53640      3.00      1285   8965577  13939395      2748         0         0   2997564         0         0
  53.52964  53.53010      3.00      1298   8984013  13952602      2758         0         0   3001674         0         0
  53.52327  53.52370      3.00      1268   9009209  13992203      2762         0         0   2997662         0         0
  53.51690  53.51730      3.00      1327   9014345  13999822      2805         0         0   2997525         0         0
  53.51053  53.51100      3.00      1334   9039769  14038980      2834         0         0   2997451         0         0
  53.50416  53.50460      3.00      1300   9030725  14026242      2857         0         0   2997730         0         0
  53.49780  53.49830      3.00      1376   8980230  13964400      2890         0         0   2997687         0         0
  53.49144  53.49200      3.00      1277   8993725  13994562      2699         0         0   2997403         0         0
  53.48508  53.48550      3.00      1368   9009939  14001211      2856         0         0   2997366         0         0
  53.47872  53.47920      3.00      1392   9018689  14005448      2956         0         0   2997725         0         0
  53.47236  53.47290      3.00      1374   9031276  14045492      2841         0         0   2997481         0         0
  53.46601  53.46650      3.00      1443   9040124  14062738      3003         0         0   2997470         0         0
  53.45966  53.46020      3.00      1488   9062088  14083203      2933         0         0   2997890         0         0
  53.45331  53.45380      3.00      1456   9084449  14108139      2945         0         0   2997461         0         0
  53.44696  53.44750      3.00      1526   9065977  14088814      2997         0         0   2997478         0         0
  53.44061  53.44120      3.00      1513   9036967  14059776      2939         0         0   2997951         0         0
  53.43427  53.43480      3.00      1494   9058324  14083553      2958         0         0   2997666         0         0
  53.42793  53.42850      3.00      1490   9069027  14109437      3049         0         0   2997988         0         0
  53.42159  53.42210      3.00      1548   9093816  14142234      3069         0         0   2997965         0         0
  53.41525  53.41580      3.00      1630   9141700  14202712      3138         0         0   2997704         0         0
  53.40891  53.40950      3.00      1624   9169894  14249972      3115         0         0   2997718         0         0
  53.40258  53.40320      3.00      1561   9169130  14242055      3101         0         0   2998020         0         0
  53.39625  53.39680      3.00      1652   9130563  14197746      3203         0         0   2997688         0         0
  53.38992  53.39050      3.00      1678   9106132  14164072      3131         0         0   2997701         0         0
  53.38359  53.38410      3.00      1646   9095631  14148997      3204         0         0   2997980         0         0
  53.37726  53.37780      3.00      1732   9092751  14149986      3188         0         0   2998035         0         0
  53.37094  53.37150      3.00      1775   9121645  14176809      3375         0         0   2998193         0         0
  53.36462  53.36510      3.00      1722   9123890  14204769      3260         0         0   2997638         0         0
  53.35830  53.35890      3.00      1840   9135058  14214633      3362         0         0   2997741         0         0
  53.35198  53.35260      3.00      1805   9117645  14188135      3275         0         0   2997638         0         0
  53.34566  53.34620      3.00      1867   9088300  14145080      3423         0         0   2997674         0         0
  53.33935  53.34000      3.00      1889   9095144  14159312      3416         0         0   2997459         0         0
  53.33304  53.33360      3.00      1894   9106253  14177343      3391         0         0   2997680         0         0
  53.32673  53.32730      3.00      1939   9120649  14198920      3492         0         0   2997762         0         0
  53.32042  53.32100      3.00      1997   9159657  14241807      3546         0         0   2997734         0         0
  53.31411  53.31470      3.00      2005   9165075  14275988      3566         0         0   2997514         0         0
  53.30781  53.30840      3.00      2012   9206342  14321962      3524         0         0   2997734         0         0
  53.30150  53.30220      3.00      2081   9212385  14335455      3630         0         0   2997720         0         0
  53.29520  53.29580      3.00      2154   9179042  14287960      3728         0         0   2997696         0         0
  53.28890  53.28950      3.00      2213   9190093  14320660      3764         0         0   2997493         0         0
  53.28261  53.28330      3.00      2125   9207831  14340604      3679         0         0   2998236         0         0
  53.27631  53.27690      3.00      2226   9187826  14315874      3804         0         0   2997430         0         0
  53.27002  53.27070      3.00      2249   9185157  14308535      3784         0         0   2997494         0         0
  53.26373  53.26430      3.00      2285   9176444  14286745      3864         0         0   2997656         0         0
  53.25744  53.25800      3.00      2450   9148822  14260190      4030         0         0   2997590         0         0
  53.25115  53.25180      3.00      2535   9147483  14259845      4097         0         0   2997558         0         0
  53.24487  53.24550      3.00      2480   9177909  14301252      3950         0         0   2997867         0         0
  53.23859  53.23920      3.00      2484   9214550  14356713      4075         0         0   2997386         0         0
  53.23231  53.23290      3.00      2639   9225201  14381515      4138         0         0   2997329         0         0
  53.22603  53.22660      3.00      2577   9246442  14405819      4155         0         0   2997585         0         0
  53.21975  53.22040      3.00      2764   9210759  14354617      4382         0         0   2997504         0         0
  53.21348  53.21410      3.00      2733   9163223  14298515      4304         0         0   2997288         0         0
  53.20720  53.20780      3.00      2932   9161983  14306101      4437         0         0   2997454         0         0
  53.20093  53.20170      3.00      2873   9149696  14279960      4422         0         0   2997506         0         0
  53.19466  53.19530      3.00      2902   9146605  14261629      4470         0         0   2997742         0         0
  53.18839  53.18910      3.00      3000   9124313  14251305      4577         0         0   2997158         0         0
  53.18213  53.18280      3.00      3065   9107482  14222330      4680         0         0   2997333         0         0
  53.17587  53.17650      3.00      3311   9121324  14257459      4850         0         0   2997308         0         0
  53.16960  53.17030      3.00      3272   9155903  14303174      4937         0         0   2997198         0         0
  53.16334  53.16400      3.00      3509   9190557  14352144      5114         0         0   2997431         0         0
  53.15709  53.15770      3.00      3526   9218190  14401008      5210         0         0   2997614         0         0
  53.15083  53.15160      3.00      3652   9209727  14390622      5303         0         0   2996737         0         0
  53.14458  53.14520      3.00      3610   9231963  14405945      5359         0         0   2996951         0         0
  53.13833  53.13900      3.00      3906   9227398  14414477      5552         0         0   2996686         0         0
  53.13208  53.13280      3.00      4076   9213116  14403977      5692         0         0   2996877         0         0
  53.12583  53.12650      3.00      4252   9220827  14413316      5913         0         0   2996467         0         0
  53.11958  53.12030      3.00      4161   9214654  14410837      5848         0         0   2997278         0         0
  53.11334  53.11400      3.00      4543   9239412  14448480      6218         0         0   2996318         0         0
  53.10710  53.10770      3.00      4496   9255194  14464244      6236         0         0   2996485         0         0
  53.10086  53.10160      3.00      4826   9242393  14456590      6480         0         0   2996212         0         0
  53.09462  53.09520      3.00      4836   9221648  14426058      6509         0         0   2996925         0         0
  53.08838  53.08910      3.00      5121   9213915  14439136      6818         0         0   2996064         0         0
  53.08215  53.08280      3.00      5411   9230216  14459953      7110         0         0   2995969         0         0
  53.07591  53.07660      3.00      5618   9246147  14477125      7419         0         0   2996613         0         0
  53.06968  53.07040      3.00      5648   9249542  14493187      7425         0         0   2995874         0         0
  53.06345  53.06410      3.00      5777   9245578  14495472      7606         0         0   2995787         0         0
  53.05723  53.05790      3.00      6292   9266504  14514997      8091         0         0   2995947         0         0
  53.05100  53.05170      3.00      6337   9261924  14532896      8160         0         0   2995964         0         0
  53.04478  53.04540      3.00      6807   9291353  14568772      8651         0         0   2995843         0         0
  53.03856  53.03920      3.00      7024   9273748  14561507      8861         0         0   2995560         0         0
  53.03234  53.03300      3.00      7522   9286034  14580686      9438         0         0   2996110         0         0
  53.02612  53.02680      3.00      7726   9294908  14598307      9691         0         0   2995648         0         0
  53.01991  53.02060      3.00      8387   9320138  14638887     10253         0         0   2996093         0         0
  53.01369  53.01430      3.00      8546   9346053  14694745     10442         0         0   2995458         0         0
  53.00748  53.00810      3.00      9174   9343581  14705675     11164         0         0   2995994         0         0
  53.00127  53.00200      3.00      9483   9350325  14732604     11435         0         0   2995926         0         0
  52.99507  52.99570      3.00     10448   9348377  14730908     12452         0         0   2994802         0         0
  52.98886  52.98950      3.00     10877   9343438  14734236     12869         0         0   2995151         0         0
  52.98266  52.98340      3.00     11597   9339573  14738231     13638         0         0   2995210         0         0
  52.97645  52.97710      3.00     12552   9321808  14742725     14640         0         0   2993945         0         0
  52.97025  52.97100      3.00     13449   9331486  14766298     15692         0         0   2993690         0         0
  52.96406  52.96470      3.00     14517   9335119  14806560     16823         0         0   2994723         0         0
  52.95786  52.95850      3.00     15457   9328727  14812897     17817         0         0   2993399         0         0
  52.95167  52.95240      3.00     16869   9360567  14888939     19310         0         0   2992911         0         0
  52.94547  52.94620      3.00     18436   9386206  14951234     20957         0         0   2992452         0         0
  52.93928  52.94000      3.00     20219   9388108  15002691     22827         0         0   2991442         0         0
  52.93309  52.93380      3.00     22078   9370634  15016574     24952         0         0   2991480         0         0
  52.92691  52.92760      3.00     24349   9348062  15035322     27363         0         0   2990978         0         0
  52.92072  52.92150      3.00     26928   9343792  15081949     30124         0         0   2989581         0         0
  52.91454  52.91530      3.00     30160   9356259  15169785     33625         0         0   2988391         0         0
  52.90836  52.90910      3.00     34209   9362349  15283952     38009         0         0   2987769         0         0
  52.90218  52.90290      3.00     39224   9350839  15382366     43222         0         0   2985962         0         0
  52.89600  52.89670      3.00     45175   9376381  15561012     49744         0         0   2983835         0         0
  52.88983  52.89060      3.00     53076   9397121  15798422     58423         0         0   2981457         0         0
  52.88365  52.88440      3.00     63618   9409808  16116486     69877         0         0   2979228         0         0
  52.87748  52.87820      3.00     76472   9390607  16523777     84029         0         0   2973978         0         0
  52.87131  52.87200      3.00     94206   9375028  17196016    104025         0         0   2968986         0         0
  52.86514  52.86590      3.00    115576   9368696  18220574    128123         0         0   2962038         0         0
  52.85898  52.85980      3.00    138475   9379340  19731391    154657         0         0   2955122         0         0
  52.85281  52.85360      3.00    159813   9375745  21695798    178983         0         0   2947832         0         0
  52.84665  52.84740      3.00    178213   9382977  23998288    200896         0         0   2942139         0         0
  52.84049  52.84130      3.00    189771   9382113  26610575    214823         0         0   2938044         0         0
  52.83433  52.83510      3.00    201872   9390588  29620742    229187         0         0   2933906         0         0
  52.82818  52.82890      3.00    209573   9408524  32562968    238784         0         0   2931454         0         0
  52.82202  52.82280      3.00    212877   9404843  34093054    242995         0         0   2930514         0         0
  52.81587  52.81660      3.00    210809   9399398  33693680    240390         0         0   2930875         0         0
  52.80972  52.81050      3.00    207891   9421289  31657168    236559         0         0   2931895         0         0
  52.80357  52.80430      3.00    197479   9434274  28514143    224261         0         0   2935114         0         0
  52.79742  52.79820      3.00    183887   9438997  25110212    207966         0         0   2939420         0         0
  52.79128  52.79200      3.00    166889   9454634  22305648    187503         0         0   2945214         0         0
  52.78513  52.78580      3.00    147619   9454532  20277671    164768         0         0   2951618         0         0
  52.77899  52.77980      3.00    129706   9432374  18929552    144176         0         0   2958081         0         0
  52.77285  52.77360      3.00    115059   9439164  18119862    127565         0         0   2961754         0         0
  52.76671  52.76750      3.00    104485   9477998  17658529    115475         0         0   2968688         0         0
  52.76058  52.76130      3.00     98830   9515926  17443725    109059         0         0   2967878         0         0
  52.75444  52.75520      3.00     95799   9555112  17402789    105733         0         0   2968784         0         0
  52.74831  52.74900      3.00     97647   9586564  17507947    107665         0         0   2967928         0         0
  52.74218  52.74290      3.00    100163   9573746  17623057    110891         0         0   2967174         0         0
  52.73605  52.73670      3.00    105163   9555071  17781952    116387         0         0   2964882         0         0
  52.72992  52.73060      3.00    109392   9526399  17951391    121103         0         0   2964180         0         0
  52.72380  52.72450      3.00    112330   9498991  18064089    124343         0         0   2962878         0         0
  52.71768  52.71840      3.00    114543   9479324  18156661    126762         0         0   2962579         0         0
  52.71156  52.71230      3.00    116136   9498999  18216110    128674         0         0   2961664         0         0
  52.70544  52.70610      3.00    114228   9513723  18189789    126818         0         0   2961922         0         0
  52.69932  52.70000      3.00    112498   9538326  18122754    124438         0         0   2962878         0         0
  52.69320  52.69390      3.00    110439   9559415  18006292    122310         0         0   2963554         0         0
  52.68709  52.68770      3.00    107455   9565371  17890049    118732         0         0   2965206         0         0
  52.68098  52.68160      3.00    106142   9583424  17839943    117379         0         0   2965077         0         0
  52.67487  52.67550      3.00    104932   9581412  17790156    115894         0         0   2965657         0         0
  52.66876  52.66940      3.00    105486   9565129  17814149    116625         0         0   2964932         0         0
  52.66265  52.66330      3.00    107995   9581427  17931634    119245         0         0   2964532         0         0
  52.65655  52.65720      3.00    110404   9589679  18071509    122127         0         0   2963846         0         0
  52.65045  52.65110      3.00    112362   9597656  18174237    124451         0         0   2962803         0         0
  52.64434  52.64490      3.00    112685   9613847  18238578    124821         0         0   2962566         0         0
  52.63825  52.63890      3.00    111838   9607223  18223831    123824         0         0   2963146         0         0
  52.63215  52.63280      3.00    108977   9617410  18091385    120805         0         0   2964098         0         0
  52.62605  52.62660      3.00    104674   9621768  17901111    115752         0         0   2965310         0         0
  52.61996  52.62050      3.00     99709   9630188  17685902    110002         0         0   2966884         0         0
  52.61387  52.61440      3.00     93747   9622876  17463754    103349         0         0   2968877         0         0
  52.60778  52.60830      3.00     88978   9652832  17300266     98115         0         0   2970625         0         0
  52.60169  52.60230      3.00     85180   9679261  17189721     93830         0         0   2972446         0         0
  52.59560  52.59610      3.00     80277   9692466  17069650     88455         0         0   2972935         0         0
  52.58952  52.59010      3.00     77653   9687486  16965470     85624         0         0   2973788         0         0
  52.58344  52.58400      3.00     75231   9680564  16897308     82882         0         0   2975213         0         0
  52.57736  52.57790      3.00     73895   9683464  16851000     81275         0         0   2975794         0         0
  52.57128  52.57180      3.00     72170   9648804  16744849     79492         0         0   2975408         0         0
  52.56520  52.56560      3.00     71008   9611437  16687092     78183         0         0   2975973         0         0
  52.55913  52.55960      3.00     70747   9614018  16667486     77793         0         0   2975884         0         0
  52.55305  52.55350      3.00     71522   9649073  16748076     78731         0         0   2975639         0         0
  52.54698  52.54740      3.00     72688   9682042  16844602     80119         0         0   2976040         0         0
  52.54091  52.54140      3.00     75177   9695022  16924077     82712         0         0   2975565         0         0
  52.53484  52.53520      3.00     78552   9717327  17059925     86645         0         0   2973324         0         0
  52.52878  52.52920      3.00     82843   9730281  17209034     91204         0         0   2972663         0         0
  52.52271  52.52320      3.00     86749   9764827  17386023     95779         0         0   2971095         0         0
  52.51665  52.51700      3.00     91251   9776893  17581456    100745         0         0   2969450         0         0
  52.51059  52.51100      3.00     96082   9786418  17774400    106037         0         0   2969552         0         0
  52.50453  52.50490      3.00    100938   9773790  17937932    111604         0         0   2967020         0         0
  52.49847  52.49890      3.00    104823   9770096  18095500    115941         0         0   2965134         0         0
  52.49242  52.49280      3.00    108265   9776520  18229788    119796         0         0   2964672         0         0
  52.48637  52.48660      3.00    110995   9789044  18327411    122820         0         0   2963890         0         0
  52.48032  52.48070      3.00    111944   9804363  18409963    123860         0         0   2962951         0         0
  52.47427  52.47460      3.00    114124   9812751  18508223    126405         0         0   2962561         0         0
  52.46822  52.46860      3.00    115624   9827324  18596562    128263         0         0   2961862         0         0
  52.46217  52.46250      3.00    117914   9856923  18738569    130679         0         0   2961471         0         0
  52.45613  52.45640      3.00    120043   9859335  18834527    133022         0         0   2961242         0         0
  52.45008  52.45040      3.00    121479   9854826  18933485    134739         0         0   2960734         0         0
  52.44404  52.44440      3.00    123474   9867941  19028098    137306         0         0   2959367         0         0
  52.43801  52.43830      3.00    126104   9883951  19149613    140139         0         0   2958683         0         0
  52.43197  52.43230      3.00    127535   9876741  19229397    141869         0         0   2957838         0         0
  52.42593  52.42620      3.00    129397   9875326  19340095    144073         0         0   2957673         0         0
  52.41990  52.42020      3.00    131383   9901803  19461845    146164         0         0   2957525         0         0
  52.41387  52.41410      3.00    133857   9934376  19597153    149236         0         0   2956421         0         0
  52.40784  52.40810      3.00    137114  10117153  20012892    152708         0         0   2955353         0         0
  52.40181  52.40200      3.00    137833  10107312  20038414    153894         0         0   2955184         0         0
  52.39578  52.39600      3.00    138167  10116087  20044428    154124         0         0   2954705         0         0
  52.38976  52.39000      3.00    137763  10104920  20021237    153364         0         0   2955726         0         0
  52.38374  52.38400      3.00    136912  10115960  19985784    152594         0         0   2955881         0         0
  52.37772  52.37790      3.00    136241  10153885  19992389    151789         0         0   2955279         0         0
  52.37170  52.37190      3.00    136088  10180199  19989313    151588         0         0   2955561         0         0
  52.36568  52.36580      3.00    136424  10208110  20017123    152221         0         0   2955712         0         0
  52.35967  52.35990      3.00    135809  10207070  20019903    151189         0         0   2956257         0         0
  52.35365  52.35380      3.00    135336  10228226  20031528    150853         0         0   2955527         0         0
  52.34764  52.34780      3.00    136329  10242422  20058610    151825         0         0   2955605         0         0
  52.34163  52.34180      3.00    137531  10251253  20115484    153506         0         0   2954774         0         0
  52.33562  52.33580      3.00    137416  10258129  20125773    153317         0         0   2954877         0         0
  52.32962  52.32980      3.00    137504  10274535  20156989    153357         0         0   2955463         0         0
  52.32361  52.32380      3.00    136996  10262292  20136398    152723         0         0   2955262         0         0
  52.31761  52.31770      3.00    137454  10263728  20139238    152932         0         0   2955637         0         0
  52.31161  52.31180      3.00    137211  10290538  20165250    153197         0         0   2955027         0         0
  52.30561  52.30570      3.00    136562  10327308  20193209    152254         0         0   2955310         0         0
  52.29961  52.29980      3.00    137056  10373566  20245277    152958         0         0   2955113         0         0
  52.29361  52.29370      3.00    135914  10366689  20205970    151533         0         0   2956822         0         0
  52.28762  52.28770      3.00    134957  10364643  20140495    150365         0         0   2955612         0         0
  52.28163  52.28180      3.00    133919  10356769  20060442    149149         0         0   2956177         0         0
  52.27564  52.27580      3.00    132247  10342844  19991758    147438         0         0   2956723         0         0
  52.26965  52.26980      3.00    130867  10352591  19927000    145734         0         0   2957465         0         0
  52.26366  52.26380      3.00    129841  10380960  19888172    144336         0         0   2960882         0         0
  52.25768  52.25770      3.00    128016  10391816  19836753    142302         0         0   2957802         0         0
  52.25169  52.25180      3.00    126446  10415139  19776995    140794         0         0   2958054         0         0
  52.24571  52.24580      3.00    125133  10437027  19745252    139048         0         0   2962291         0         0
  52.23973  52.23980      3.00    123817  10451988  19694044    137713         0         0   2959766         0         0
  52.23375  52.23380      3.00    121681  10461674  19639608    135247         0         0   2960620         0         0
  52.22778  52.22780      3.00    120506  10438121  19539209    134016         0         0   2960482         0         0
  52.22180  52.22190      3.00    118821  10422517  19446188    131946         0         0   2961209         0         0
  52.21583  52.21590      3.00    117788  10411123  19393825    130701         0         0   2961006         0         0
  52.20986  52.21000      3.00    116510  10426050  19384955    129200         0         0   2962793         0         0
  52.20389  52.20400      3.00    116296  10455398  19391607    129092         0         0   2961319         0         0
  52.19792  52.19800      3.00    115260  10471351  19374183    128016         0         0   2961618         0         0
  52.19196  52.19210      3.00    114257  10469195  19345656    126754         0         0   2962727         0         0
  52.18599  52.18610      3.00    113456  10470661  19314319    125868         0         0   2962366         0         0
  52.18003  52.18010      3.00    112185  10466090  19267766    124737         0         0   2963318         0         0
  52.17407  52.17410      3.00    111637  10464406  19224736    123644         0         0   2963747         0         0
  52.16811  52.16810      3.00    110196  10469159  19192443    122070         0         0   2963680         0         0
  52.16216  52.16230      3.00    109432  10497384  19187254    121257         0         0   2964074         0         0
  52.15620  52.15620      3.00    108630  10513843  19185214    120368         0         0   2964777         0         0
  52.15025  52.15030      3.00    108077  10535528  19184832    119802         0         0   2964210         0         0
  52.14430  52.14430      3.00    107481  10554512  19181822    118991         0         0   2964398         0         0
  52.13835  52.13840      3.00    106417  10572822  19188834    117761         0         0   2964656         0         0
  52.13240  52.13250      3.00    105561  10537305  19098969    116933         0         0   2965205         0         0
  52.12645  52.12640      3.00    105006  10513416  19036214    116321         0         0   2964966         0         0
  52.12051  52.12050      3.00    104543  10511887  19030362    115717         0         0   2965081         0         0
  52.11457  52.11450      3.00    103939  10519328  19013172    114860         0         0   2968765         0         0
  52.10862  52.10860      3.00    103712  10543962  19034094    114740         0         0   2965401         0         0
  52.10269  52.10270      3.00    102941  10530010  19021863    113846         0         0   2966085         0         0
  52.09675  52.09670      3.00    102988  10574739  19062555    114056         0         0   2965747         0         0
  52.09081  52.09080      3.00    101858  10603529  19109853    112833         0         0   2966572         0         0
  52.08488  52.08490      3.00    102037  10618486  19126785    113282         0         0   2965994         0         0
  52.07895  52.07890      3.00    102418  10647692  19167359    113436         0         0   2967235         0         0
  52.07302  52.07300      3.00    102283  10631548  19132465    113327         0         0   2966444         0         0
  52.06709  52.06700      3.00    103048  10658415  19163115    113896         0         0   2967133         0         0
  52.06116  52.06120      3.00    101823  10639835  19130799    112606         0         0   2966651         0         0
  52.05523  52.05520      3.00    101323  10627928  19096946    112206         0         0   2966397         0         0
  52.04931  52.04930      3.00    100934  10621726  19067786    111578         0         0   2967183         0         0
  52.04339  52.04340      3.00    100776  10624649  19073913    111443         0         0   2966541         0         0
  52.03747  52.03740      3.00    100827  10647230  19099057    111723         0         0   2966393         0         0
  52.03155  52.03150      3.00    100479  10663871  19133560    111313         0         0   2967056         0         0
  52.02563  52.02560      3.00    100877  10719831  19200285    111638         0         0   2967149         0         0
  52.01972  52.01970      3.00    101422  10737937  19235471    112284         0         0   2966759         0         0
  52.01381  52.01370      3.00    101172  10743291  19260414    111952         0         0   2967036         0         0
  52.00790  52.00780      3.00    101509  10740791  19242060    112158         0         0   2966942         0         0
  52.00199  52.00190      3.00    101720  10761516  19290398    112309         0         0   2966827         0         0
  51.99608  51.99600      3.00    101716  10733006  19255999    112450         0         0   2966169         0         0
  51.99017  51.99010      3.00    102061  10736903  19262319    112775         0         0   2965982         0         0
  51.98427  51.98420      3.00    101802  10737594  19277652    112766         0         0   2966635         0         0
  51.97836  51.97820      3.00    102665  10743026  19295569    113776         0         0   2966170         0         0
  51.97246  51.97240      3.00    102702  10754613  19314039    113623         0         0   2966326         0         0
  51.96656  51.96650      3.00    102729  10773385  19342765    113849         0         0   2965615         0         0
  51.96067  51.96060      3.00    102942  10755407  19321488    114103         0         0   2965596         0         0
  51.95477  51.95470      3.00    102713  10751529  19309488    113566         0         0   2966442         0         0
  51.94888  51.94880      3.00    102822  10762669  19322817    113676         0         0   2967210         0         0
  51.94298  51.94290      3.00    102250  10775979  19331024    112884         0         0   2966634         0         0
  51.93709  51.93700      3.00    102428  10793779  19366823    113276         0         0   2966418         0         0
  51.93120  51.93110      3.00    102390  10824253  19410102    113229         0         0   2965834         0         0
  51.92532  51.92520      3.00    102183  10833759  19401977    113202         0         0   2965814         0         0
  51.91943  51.91940      3.00    100782  10808225  19359420    111515         0         0   2966490         0         0
  51.91355  51.91350      3.00    100915  10812854  19349163    111699         0         0   2966733         0         0
  51.90767  51.90750      3.00    100874  10835636  19393041    111784         0         0   2966642         0         0
  51.90179  51.90170      3.00    100676  10827356  19371227    111546         0         0   2967070         0         0
  51.89591  51.89580      3.00    100025  10811672  19328272    110594         0         0   2966900         0         0
  51.89003  51.88990      3.00     99829  10815832  19328284    110471         0         0   2967483         0         0
  51.88416  51.88410      3.00     99999  10846121  19366358    110420         0         0   2967626         0         0
  51.87828  51.87820      3.00    100205  10870573  19401694    110905         0         0   2966914         0         0
  51.87241  51.87230      3.00     99754  10851084  19360281    110526         0         0   2966918         0         0
  51.86654  51.86640      3.00     99553  10859671  19388738    110233         0         0   2966905         0         0
  51.86067  51.86060      3.00    100361  10898727  19444019    110951         0         0   2966894         0         0
  51.85480  51.85470      3.00    100706  10942147  19510408    111439         0         0   2967167         0         0
  51.84894  51.84880      3.00    100617  10937748  19523968    111333         0         0   2967050         0         0
  51.84308  51.84300      3.00    101451  10980672  19602468    112162         0         0   2967651         0         0
  51.83722  51.83710      3.00    102196  11036301  19687910    113309         0         0   2965986         0         0
  51.83136  51.83130      3.00    102293  11094362  19795482    113377         0         0   2966349         0         0
  51.82550  51.82540      3.00    103132  11109589  19822750    114464         0         0   2966114         0         0
  51.81964  51.81950      3.00    102370  11093329  19818734    113642         0         0   2965998         0         0
  51.81379  51.81370      3.00    103632  11084832  19825665    114687         0         0   2966039         0         0
  51.80793  51.80790      3.00    104005  11097199  19844858    115033         0         0   2965267         0         0
  51.80208  51.80200      3.00    104631  11124985  19888321    115812         0         0   2966451         0         0
  51.79623  51.79610      3.00    104383  11139940  19906837    115713         0         0   2965198         0         0
  51.79038  51.79030      3.00    105172  11153727  19964411    116542         0         0   2964782         0         0
  51.78454  51.78440      3.00    105113  11163985  19972509    116434         0         0   2964998         0         0
  51.77869  51.77860      3.00    104910  11176383  20003686    116343         0         0   2966395         0         0
  51.77285  51.77280      3.00    105242  11124610  19918238    116476         0         0   2965402         0         0
  51.76701  51.76690      3.00    104608  11082248  19846198    115910         0         0   2964984         0         0
  51.76117  51.76120      3.00    104314  11059696  19828978    115414         0         0   2965156         0         0
  51.75533  51.75530      3.00    104362  11083009  19852077    115876         0         0   2965134         0         0
  51.74950  51.74950      3.00    104614  11114374  19924677    115990         0         0   2965385         0         0
  51.74366  51.74370      3.00    105074  11182844  20022919    116591         0         0   2965428         0         0
  51.73783  51.73780      3.00    105699  11206018  20062245    117072         0         0   2965358         0         0
  51.73200  51.73200      3.00    105471  11214832  20074669    116895         0         0   2964817         0         0
  51.72617  51.72610      3.00    105934  11241700  20112395    117451         0         0   2964719         0         0
  51.72034  51.72040      3.00    106054  11220657  20096415    117492         0         0   2964691         0         0
  51.71452  51.71450      3.00    104904  11210147  20078276    116335         0         0   2965505         0         0
  51.70869  51.70870      3.00    105497  11199252  20049338    116884         0         0   2964637         0         0
  51.70287  51.70290      3.00    105464  11223266  20077470    116821         0         0   2964849         0         0
  51.69705  51.69700      3.00    105903  11232367  20108278    117349         0         0   2964502         0         0
  51.69123  51.69130      3.00    105822  11256155  20133233    117267         0         0   2964923         0         0
  51.68541  51.68540      3.00    105615  11267686  20162532    116923         0         0   2965198         0         0
  51.67960  51.67960      3.00    106062  11297122  20190073    117608         0         0   2964682         0         0
  51.67378  51.67380      3.00    105878  11293983  20198320    117464         0         0   2965118         0         0
  51.66797  51.66800      3.00    105788  11319392  20225888    117097         0         0   2964847         0         0
  51.66216  51.66230      3.00    105878  11333855  20256046    117298         0         0   2964620         0         0
  51.65635  51.65640      3.00    106684  11370517  20321360    118080         0         0   2964498         0         0
  51.65054  51.65060      3.00    105782  11363422  20315147    117367         0         0   2965083         0         0
  51.64474  51.64480      3.00    105690  11377065  20311017    117241         0         0   2965341         0         0
  51.63893  51.63900      3.00    105406  11334631  20240928    116679         0         0   2964863         0         0
  51.63313  51.63330      3.00    105219  11300257  20189240    116708         0         0   2965026         0         0
  51.62733  51.62740      3.00    105430  11283650  20152654    116917         0         0   2965257         0         0
  51.62153  51.62160      3.00    104421  11291521  20174869    115781         0         0   2965499         0         0
  51.61573  51.61580      3.00    104325  11338487  20231942    115555         0         0   2965716         0         0
  51.60994  51.61010      3.00    105179  11378799  20300793    116704         0         0   2964795         0         0
  51.60414  51.60430      3.00    105436  11389105  20308394    116842         0         0   2966253         0         0
  51.59835  51.59850      3.00    105415  11420919  20367948    116711         0         0   2965363         0         0
  51.59256  51.59270      3.00    105761  11442427  20395452    117300         0         0   2965195         0         0
  51.58677  51.58690      3.00    104988  11448013  20388342    116407         0         0   2964782         0         0
  51.58098  51.58120      3.00    105142  11482167  20430889    116441         0         0   2966435         0         0
  51.57520  51.57530      3.00    105802  11502317  20474047    117261         0         0   2965266         0         0
  51.56941  51.56960      3.00    105580  11514369  20482204    116981         0         0   2965504         0         0
  51.56363  51.56380      3.00    105208  11519499  20484618    116412         0         0   2965007         0         0
  51.55785  51.55800      3.00    105080  11520710  20499988    116560         0         0   2964836         0         0
  51.55207  51.55230      3.00    104708  11540718  20501407    116210         0         0   2965352         0         0
  51.54629  51.54650      3.00    105492  11593567  20591320    116981         0         0   2964806         0         0
  51.54052  51.54080      3.00    105108  11621345  20643534    116488         0         0   2965254         0         0
  51.53474  51.53490      3.00    105635  11605806  20622570    117183         0         0   2964662         0         0
  51.52897  51.52920      3.00    105204  11603331  20603406    116617         0         0   2964879         0         0
  51.52320  51.52340      3.00    104816  11619212  20630794    116161         0         0   2965191         0         0
  51.51743  51.51770      3.00    104825  11632490  20638805    116044         0         0   2965114         0         0
  51.51166  51.51190      3.00    104115  11613990  20616914    115326         0         0   2965966         0         0
  51.50590  51.50610      3.00    104078  11621124  20609781    115294         0         0   2965133         0         0
  51.50013  51.50040      3.00    104115  11635964  20637288    115478         0         0   2965754         0         0
  51.49437  51.49460      3.00    104559  11681223  20688490    115877         0         0   2965632         0         0
  51.48861  51.48890      3.00    104667  11691359  20725300    115963         0         0   2965014         0         0
  51.48285  51.48310      3.00    104242  11703561  20754106    115641         0         0   2965241         0         0
  51.47709  51.47730      3.00    104297  11731410  20792639    115553         0         0   2965482         0         0
  51.47134  51.47170      3.00    104388  11750609  20817712    115644         0         0   2965146         0         0
  51.46558  51.46590      3.00    104726  11768878  20829662    116105         0         0   2965026         0         0
  51.45983  51.46020      3.00    105540  11794336  20894405    116853         0         0   2964758         0         0
  51.45408  51.45440      3.00    105037  11819351  20915258    116475         0         0   2964862         0         0
  51.44833  51.44870      3.00    105486  11829533  20925103    116844         0         0   2965013         0         0
  51.44258  51.44300      3.00    104895  11846885  20958693    116093         0         0   2965658         0         0
  51.43684  51.43720      3.00    104766  11845843  20947213    116149         0         0   2965441         0         0
  51.43109  51.43150      3.00    105220  11872398  20968323    116504         0         0   2968308         0         0
  51.42535  51.42570      3.00    104913  11875727  21002025    116422         0         0   2965238         0         0
  51.41961  51.42000      3.00    105169  11873416  20991671    116368         0         0   2964730         0         0
  51.41387  51.41430      3.00    104942  11852990  20959209    116176         0         0   2965368         0         0
  51.40813  51.40860      3.00    104398  11850784  20956724    115758         0         0   2965578         0         0
  51.40240  51.40280      3.00    105105  11862690  20965887    116456         0         0   2964986         0         0
  51.39666  51.39700      3.00    104513  11880909  20998533    115825         0         0   2965012         0         0
  51.39093  51.39140      3.00    104617  11885416  21031921    115925         0         0   2965019         0         0
  51.38520  51.38560      3.00    105324  11950062  21120440    116885         0         0   2964974         0         0
  51.37947  51.37990      3.00    105587  11938835  21094745    117245         0         0   2964919         0         0
  51.37374  51.37410      3.00    105525  11917972  21066151    116890         0         0   2964829         0         0
  51.36801  51.36840      3.00    105552  11892632  21033896    117145         0         0   2965410         0         0
  51.36229  51.36270      3.00    105309  11933387  21097612    116659         0         0   2964981         0         0
  51.35656  51.35700      3.00    106112  11943099  21118606    117646         0         0   2964610         0         0
  51.35084  51.35130      3.00    106032  11935274  21113099    117686         0         0   2965129         0         0
  51.34512  51.34550      3.00    105957  11954235  21156381    117454         0         0   2964771         0         0
  51.33940  51.33990      3.00    105456  11941687  21144102    117158         0         0   2965331         0         0
  51.33369  51.33420      3.00    106660  11930678  21140987    118287         0         0   2968194         0         0
  51.32797  51.32840      3.00    105743  11927765  21129548    117270         0         0   2964810         0         0
  51.32226  51.32280      3.00    107030  11971670  21212572    118896         0         0   2964318         0         0
  51.31655  51.31700      3.00    107509  11996876  21260133    119454         0         0   2964811         0         0
  51.31084  51.31140      3.00    108018  12043813  21348553    119986         0         0   2964760         0         0
  51.30090  51.30150      3.00    108743  12055745  21376229    120732         0         0   2964596         0         0
  51.29096  51.29150      3.00    108809  12040597  21375871    120658         0         0   2964309         0         0
  51.28103  51.28160      3.00    110258  12027145  21386166    122299         0         0   2963671         0         0
  51.27111  51.27170      3.00    110201  12041548  21408454    122268         0         0   2963719         0         0
  51.26119  51.26180      3.00    110943  12082144  21488590    123130         0         0   2963358         0         0
  51.25127  51.25190      3.00    111813  12102464  21544191    124112         0         0   2963687         0         0
  51.24136  51.24200      3.00    112480  12144147  21646580    124788         0         0   2962693         0         0
  51.23146  51.23200      3.00    113117  12174068  21700941    125721         0         0   2962544         0         0
  51.22155  51.22220      3.00    113703  12185796  21728141    126412         0         0   2962591         0         0
  51.21166  51.21230      3.00    114409  12167319  21723194    127066         0         0   2961919         0         0
  51.20177  51.20240      3.00    114578  12165143  21734798    127346         0         0   2961830         0         0
  51.19188  51.19250      3.00    114435  12173964  21759944    127318         0         0   2962285         0         0
  51.18200  51.18260      3.00    116003  12202034  21822552    128815         0         0   2961558         0         0
  51.17212  51.17270      3.00    117201  12240280  21894293    130089         0         0   2961158         0         0
  51.16225  51.16290      3.00    117118  12292211  21991063    130178         0         0   2961308         0         0
  51.15239  51.15340      3.00    117928  12307647  22015502    131347         0         0   2960932         0         0
  51.14252  51.14320      3.00    118544  12316114  22037116    131608         0         0   2960869         0         0
  51.13267  51.13330      3.00    117675  12317563  22056480    130810         0         0   2961691         0         0
  51.12281  51.12340      3.00    118104  12314072  22056281    131552         0         0   2960883         0         0
  51.11297  51.11360      3.00    118421  12328260  22084359    131646         0         0   2960857         0         0
