  9809     KEK-PF   BL9A
 Cu104           22.03.18 20:13 - 22.03.18 20:33 Serial#KEKPF-BL9A_029784
 CuO/BN, 8wt%
 Ring :   2.5 GeV   449.9 mA -  450.0 mA
 Mono :   Si(111)       D=  3.13551 A    Initial angle= 10.76970 deg
 BL9A      Transmission( 2)   Repetition=  1     Points=  726
 Param file : Cu002           energy axis(2)     Block =    7

 Block      Init-Eng  Final-Eng      Step/eV     Time/s       Num
     1        8475.30   8930.30         6.50       1.00        70
     2        8930.30   8945.30         1.00       1.00        15
     3        8945.30   9050.30         0.35       1.00       300
     4        9050.30   9080.30         1.00       1.00        30
     5        9080.30   9480.30         2.50       1.00       160
     6        9480.30  10080.30         6.00       1.00       100
     7       10080.30  10580.30        10.00       1.00        51
 Ortec(-1)     NDCH = 3
  Angle(c)  Angle(o)    time/s         2         3
      Mode         0         0         1         2
    Offset         0         0  7603.300  9349.900
  13.49023  13.49030      1.00   1169939   2321880
  13.47969  13.47980      1.00   1169170   2328660
  13.46918  13.46930      1.00   1176443   2351558
  13.45868  13.45880      1.00   1178496   2363899
  13.44819  13.44820      1.00   1176911   2369235
  13.43773  13.43770      1.00   1173472   2370680
  13.42728  13.42730      1.00   1170509   2372779
  13.41684  13.41690      1.00   1172211   2384797
  13.40642  13.40640      1.00   1080541   2206241
  13.39602  13.39600      1.00   1168497   2393736
  13.38564  13.38570      1.00   1169321   2403848
  13.37527  13.37530      1.00   1166738   2406892
  13.36491  13.36500      1.00   1161623   2404653
  13.35458  13.35470      1.00   1150468   2390177
  13.34426  13.34430      1.00   1154541   2406780
  13.33395  13.33390      1.00   1160798   2427461
  13.32366  13.32360      1.00   1158498   2431059
  13.31339  13.31350      1.00   1154630   2431186
  13.30313  13.30310      1.00   1151172   2432218
  13.29289  13.29290      1.00   1147784   2433284
  13.28267  13.28280      1.00   1142949   2431034
  13.27246  13.27240      1.00   1123906   2399313
  13.26227  13.26230      1.00   1155615   2474796
  13.25209  13.25210      1.00   1151252   2473835
  13.24193  13.24190      1.00   1146549   2472000
  13.23178  13.23180      1.00   1143951   2474650
  13.22165  13.22170      1.00   1140456   2475260
  13.21154  13.21150      1.00   1139556   2481512
  13.20144  13.20140      1.00   1135720   2481234
  13.19136  13.19140      1.00   1132194   2481738
  13.18129  13.18130      1.00   1087258   2391416
  13.17124  13.17120      1.00   1130738   2494886
  13.16120  13.16120      1.00   1129029   2499232
  13.15118  13.15120      1.00   1128000   2505122
  13.14117  13.14120      1.00   1125179   2506864
  13.13118  13.13120      1.00   1104364   2468778
  13.12121  13.12110      1.00   1120120   2512211
  13.11125  13.11120      1.00   1119793   2519470
  13.10130  13.10120      1.00   1117266   2521687
  13.09137  13.09140      1.00   1115452   2525538
  13.08146  13.08140      1.00   1112596   2527507
  13.07156  13.07160      1.00   1110177   2530107
  13.06168  13.06170      1.00   1107272   2531498
  13.05181  13.05180      1.00   1102583   2528788
  13.04195  13.04190      1.00   1099712   2530306
  13.03211  13.03210      1.00   1097377   2532576
  13.02229  13.02240      1.00   1095402   2535929
  13.01248  13.01240      1.00   1094718   2542339
  13.00269  13.00270      1.00   1093104   2546462
  12.99291  12.99290      1.00   1091655   2550984
  12.98314  12.98320      1.00   1087865   2550071
  12.97339  12.97340      1.00   1085795   2553235
  12.96366  12.96370      1.00   1081597   2551072
  12.95394  12.95390      1.00   1078109   2550567
  12.94423  12.94430      1.00   1074895   2550744
  12.93454  12.93460      1.00   1070569   2548685
  12.92486  12.92480      1.00   1065387   2544321
  12.91520  12.91520      1.00   1061258   2542114
  12.90556  12.90550      1.00   1057676   2541061
  12.89592  12.89590      1.00   1055190   2542637
  12.88631  12.88630      1.00   1055292   2550494
  12.87670  12.87670      1.00   1057541   2563369
  12.86711  12.86710      1.00   1056594   2568473
  12.85754  12.85760      1.00   1052770   2566668
  12.84798  12.84800      1.00   1049184   2565238
  12.83843  12.83860      1.00   1044432   2560841
  12.82890  12.82880      1.00   1038658   2554057
  12.81938  12.81940      1.00   1032678   2546084
  12.80988  12.80980      1.00   1031571   2549952
  12.80039  12.80030      1.00   1014812   2514802
  12.79092  12.79090      1.00   1026796   2550771
  12.78946  12.78960      1.00   1026616   2551013
  12.78800  12.78800      1.00   1024912   2547755
  12.78655  12.78640      1.00   1023640   2545475
  12.78509  12.78510      1.00   1023465   2545830
  12.78364  12.78370      1.00   1024624   2549625
  12.78218  12.78210      1.00   1023847   2548567
  12.78073  12.78070      1.00   1025009   2552209
  12.77927  12.77950      1.00   1023559   2549334
  12.77782  12.77770      1.00   1023097   2549011
  12.77637  12.77630      1.00   1021116   2544632
  12.77491  12.77500      1.00   1020181   2543087
  12.77346  12.77340      1.00   1017725   2537853
  12.77201  12.77190      1.00   1019464   2542874
  12.77056  12.77070      1.00   1019556   2543782
  12.76910  12.76930      1.00   1020145   2545883
  12.76860  12.76850      1.00   1019834   2545576
  12.76809  12.76810      1.00   1020953   2548520
  12.76758  12.76750      1.00   1020211   2546765
  12.76707  12.76700      1.00   1019845   2545955
  12.76656  12.76650      1.00   1020154   2546866
  12.76606  12.76610      1.00   1019889   2546294
  12.76555  12.76560      1.00   1019575   2545747
  12.76504  12.76510      1.00   1019444   2545717
  12.76453  12.76460      1.00   1020103   2547511
  12.76403  12.76390      1.00   1019349   2545849
  12.76352  12.76350      1.00   1019993   2547662
  12.76301  12.76290      1.00   1019595   2546936
  12.76250  12.76250      1.00   1019785   2547534
  12.76200  12.76210      1.00   1019311   2546242
  12.76149  12.76140      1.00   1019630   2547308
  12.76098  12.76100      1.00   1019854   2547989
  12.76047  12.76060      1.00   1019981   2548428
  12.75997  12.75990      1.00   1019593   2547620
  12.75946  12.75950      1.00   1019473   2547433
  12.75895  12.75910      1.00   1019272   2547194
  12.75844  12.75840      1.00   1017790   2543650
  12.75794  12.75780      1.00   1018504   2545548
  12.75743  12.75740      1.00   1018654   2545919
  12.75692  12.75690      1.00   1018908   2546539
  12.75642  12.75640      1.00   1018943   2546751
  12.75591  12.75590      1.00   1019289   2547747
  12.75540  12.75540      1.00   1018522   2545719
  12.75489  12.75500      1.00   1018501   2545630
  12.75439  12.75440      1.00   1019111   2547272
  12.75388  12.75390      1.00   1018491   2545971
  12.75337  12.75320      1.00   1018283   2545378
  12.75287  12.75290      1.00   1017726   2543996
  12.75236  12.75230      1.00   1017675   2544014
  12.75185  12.75190      1.00   1016922   2542175
  12.75135  12.75130      1.00   1018542   2546174
  12.75084  12.75090      1.00   1017804   2544260
  12.75033  12.75040      1.00   1018099   2545080
  12.74983  12.74980      1.00   1017308   2542896
  12.74932  12.74950      1.00   1017618   2543615
  12.74881  12.74870      1.00   1017221   2542548
  12.74831  12.74830      1.00   1017901   2544252
  12.74780  12.74780      1.00   1018361   2545292
  12.74730  12.74720      1.00   1019103   2547061
  12.74679  12.74670      1.00   1018854   2546186
  12.74628  12.74630      1.00   1018639   2545600
  12.74578  12.74580      1.00   1017551   2542786
  12.74527  12.74530      1.00   1018917   2545959
  12.74476  12.74480      1.00   1017811   2542931
  12.74426  12.74440      1.00   1017940   2543007
  12.74375  12.74370      1.00   1017222   2541017
  12.74325  12.74320      1.00   1017254   2540886
  12.74274  12.74260      1.00   1015816   2536982
  12.74223  12.74230      1.00   1014710   2533934
  12.74173  12.74170      1.00   1014549   2533078
  12.74122  12.74130      1.00   1014869   2533600
  12.74072  12.74070      1.00   1014795   2533126
  12.74021  12.74030      1.00   1014499   2531929
  12.73971  12.73980      1.00   1013463   2528700
  12.73920  12.73920      1.00   1013169   2527268
  12.73869  12.73870      1.00   1012875   2525933
  12.73819  12.73810      1.00   1012128   2523555
  12.73768  12.73770      1.00   1012490   2524017
  12.73718  12.73700      1.00   1011681   2521190
  12.73667  12.73670      1.00   1011331   2519878
  12.73617  12.73610      1.00   1010545   2517136
  12.73566  12.73580      1.00   1010604   2516542
  12.73516  12.73520      1.00   1009416   2512492
  12.73465  12.73460      1.00   1008710   2509751
  12.73415  12.73420      1.00   1006975   2504498
  12.73364  12.73360      1.00   1006195   2501282
  12.73314  12.73310      1.00   1005680   2499001
  12.73263  12.73260      1.00   1006867   2500895
  12.73212  12.73210      1.00   1006942   2499696
  12.73162  12.73170      1.00   1007031   2498667
  12.73111  12.73100      1.00   1007474   2497954
  12.73061  12.73070      1.00   1008039   2498126
  12.73010  12.73020      1.00   1006978   2493457
  12.72960  12.72970      1.00   1006590   2490024
  12.72910  12.72910      1.00   1005757   2485340
  12.72859  12.72860      1.00   1006785   2485347
  12.72809  12.72800      1.00   1006614   2481925
  12.72758  12.72750      1.00   1003712   2472149
  12.72708  12.72710      1.00   1003333   2468166
  12.72657  12.72650      1.00   1003935   2465112
  12.72607  12.72610      1.00   1003489   2459406
  12.72556  12.72560      1.00   1004198   2454063
  12.72506  12.72500      1.00   1003549   2443263
  12.72455  12.72460      1.00   1003975   2435495
  12.72405  12.72410      1.00   1003560   2422008
  12.72354  12.72350      1.00   1003036   2409189
  12.72304  12.72300      1.00   1002903   2400994
  12.72254  12.72250      1.00   1004922   2399776
  12.72203  12.72190      1.00   1003919   2392902
  12.72153  12.72160      1.00   1003240   2386882
  12.72102  12.72110      1.00   1003136   2376941
  12.72052  12.72050      1.00   1001136   2356775
  12.72001  12.72010      1.00   1000313   2338777
  12.71951  12.71950      1.00    999817   2311163
  12.71901  12.71910      1.00   1000515   2286380
  12.71850  12.71840      1.00    999706   2245303
  12.71800  12.71810      1.00   1000060   2217454
  12.71749  12.71740      1.00    998528   2157640
  12.71699  12.71690      1.00    998913   2111502
  12.71649  12.71640      1.00    998762   2052566
  12.71598  12.71600      1.00    998736   1984442
  12.71548  12.71550      1.00    998162   1879230
  12.71498  12.71500      1.00    997854   1766480
  12.71447  12.71460      1.00    997941   1647309
  12.71397  12.71390      1.00    996994   1513852
  12.71346  12.71340      1.00    996109   1435962
  12.71296  12.71300      1.00    996058   1376780
  12.71246  12.71240      1.00    995444   1327290
  12.71195  12.71190      1.00    994691   1304768
  12.71145  12.71150      1.00    994386   1294343
  12.71095  12.71100      1.00    993532   1290400
  12.71044  12.71040      1.00    992737   1289241
  12.70994  12.71000      1.00    992934   1285388
  12.70944  12.70950      1.00    991908   1269486
  12.70893  12.70900      1.00    990824   1239739
  12.70843  12.70840      1.00    990344   1195596
  12.70793  12.70780      1.00    989719   1149287
  12.70742  12.70740      1.00    990366   1110931
  12.70692  12.70690      1.00    989776   1059731
  12.70642  12.70640      1.00    990447   1008761
  12.70591  12.70590      1.00    989221    957024
  12.70541  12.70550      1.00    989446    903380
  12.70491  12.70500      1.00    987125    838081
  12.70441  12.70440      1.00    984939    776384
  12.70390  12.70380      1.00    981489    725721
  12.70340  12.70340      1.00    977436    689715
  12.70290  12.70290      1.00    973906    651400
  12.70239  12.70240      1.00    973868    622810
  12.70189  12.70190      1.00    975590    602024
  12.70139  12.70140      1.00    979116    587027
  12.70089  12.70090      1.00    983431    575095
  12.70038  12.70040      1.00    986359    562857
  12.69988  12.70000      1.00    987850    550716
  12.69938  12.69930      1.00    987655    535559
  12.69888  12.69900      1.00    988106    525246
  12.69837  12.69830      1.00    986625    508112
  12.69787  12.69780      1.00    986248    496167
  12.69737  12.69740      1.00    984669    483981
  12.69687  12.69680      1.00    983666    469340
  12.69637  12.69630      1.00    980188    457185
  12.69586  12.69590      1.00    976367    447331
  12.69536  12.69540      1.00    972135    439095
  12.69486  12.69490      1.00    971735    436633
  12.69436  12.69440      1.00    973445    438901
  12.69385  12.69380      1.00    977539    445123
  12.69335  12.69330      1.00    981561    451745
  12.69285  12.69280      1.00    983218    457778
  12.69235  12.69230      1.00    983664    463853
  12.69185  12.69190      1.00    983736    470044
  12.69134  12.69140      1.00    983813    478720
  12.69084  12.69090      1.00    983980    488809
  12.69034  12.69030      1.00    984030    501073
  12.68984  12.68990      1.00    983553    512342
  12.68934  12.68940      1.00    984455    528161
  12.68884  12.68890      1.00    984620    544406
  12.68833  12.68830      1.00    985115    560642
  12.68783  12.68770      1.00    984440    573727
  12.68733  12.68740      1.00    985044    582907
  12.68683  12.68670      1.00    984519    596287
  12.68633  12.68630      1.00    985431    604412
  12.68583  12.68590      1.00    984882    613373
  12.68533  12.68530      1.00    985217    624105
  12.68482  12.68490      1.00    985925    632710
  12.68432  12.68430      1.00    985689    642098
  12.68382  12.68390      1.00    986125    650323
  12.68332  12.68320      1.00    985515    658689
  12.68282  12.68280      1.00    985657    664393
  12.68232  12.68230      1.00    985938    670875
  12.68182  12.68190      1.00    986070    676278
  12.68132  12.68130      1.00    985453    681036
  12.68082  12.68080      1.00    985186    683684
  12.68031  12.68040      1.00    985551    685761
  12.67981  12.67990      1.00    985988    686795
  12.67931  12.67940      1.00    985821    686071
  12.67881  12.67880      1.00    986371    684905
  12.67831  12.67830      1.00    986300    682952
  12.67781  12.67760      1.00    987763    681835
  12.67731  12.67730      1.00    987396    680313
  12.67681  12.67680      1.00    987903    678509
  12.67631  12.67630      1.00    988262    676809
  12.67581  12.67580      1.00    989248    675991
  12.67531  12.67540      1.00    988046    674022
  12.67481  12.67480      1.00    987097    672618
  12.67431  12.67440      1.00    985749    671568
  12.67381  12.67370      1.00    981563    669058
  12.67330  12.67340      1.00    978228    667345
  12.67280  12.67270      1.00    973284    665078
  12.67230  12.67220      1.00    972729    665528
  12.67180  12.67180      1.00    974247    667498
  12.67130  12.67130      1.00    978525    671693
  12.67080  12.67090      1.00    982531    675588
  12.67030  12.67040      1.00    984862    678768
  12.66980  12.66990      1.00    985991    681170
  12.66930  12.66930      1.00    986801    683524
  12.66880  12.66880      1.00    986426    684822
  12.66830  12.66840      1.00    986353    686588
  12.66780  12.66770      1.00    984708    687753
  12.66730  12.66720      1.00    985052    689787
  12.66680  12.66680      1.00    984394    691238
  12.66630  12.66620      1.00    982946    693102
  12.66580  12.66590      1.00    978761    692751
  12.66530  12.66530      1.00    973637    693495
  12.66480  12.66490      1.00    971374    696233
  12.66430  12.66440      1.00    972595    702929
  12.66380  12.66380      1.00    976295    711902
  12.66330  12.66320      1.00    980187    720805
  12.66281  12.66280      1.00    982901    727513
  12.66231  12.66220      1.00    984991    735477
  12.66181  12.66190      1.00    986324    741629
  12.66131  12.66130      1.00    986400    749625
  12.66081  12.66080      1.00    985411    755478
  12.66031  12.66030      1.00    985026    761345
  12.65981  12.65990      1.00    984213    766676
  12.65931  12.65940      1.00    983850    772750
  12.65881  12.65880      1.00    983778    778735
  12.65831  12.65830      1.00    984009    783535
  12.65781  12.65770      1.00    984472    788199
  12.65731  12.65730      1.00    985045    791840
  12.65681  12.65680      1.00    984315    794897
  12.65631  12.65630      1.00    984251    797909
  12.65582  12.65580      1.00    984774    801196
  12.65532  12.65540      1.00    984778    803796
  12.65482  12.65480      1.00    984681    806608
  12.65432  12.65440      1.00    985214    809077
  12.65382  12.65380      1.00    985456    811384
  12.65332  12.65330      1.00    985430    812655
  12.65282  12.65270      1.00    984764    812994
  12.65232  12.65230      1.00    985471    813970
  12.65182  12.65180      1.00    985569    814010
  12.65133  12.65130      1.00    985759    813559
  12.65083  12.65090      1.00    985589    812310
  12.65033  12.65040      1.00    985672    810395
  12.64983  12.64990      1.00    985491    807592
  12.64933  12.64940      1.00    986104    804976
  12.64883  12.64890      1.00    986283    801529
  12.64833  12.64820      1.00    986423    797614
  12.64784  12.64780      1.00    985932    794338
  12.64734  12.64730      1.00    985332    790084
  12.64684  12.64680      1.00    986232    786564
  12.64634  12.64630      1.00    985596    781924
  12.64584  12.64590      1.00    986548    778698
  12.64535  12.64540      1.00    986398    773414
  12.64485  12.64490      1.00    986262    768045
  12.64435  12.64440      1.00    985540    762166
  12.64385  12.64380      1.00    985938    757219
  12.64335  12.64330      1.00    986111    753132
  12.64285  12.64280      1.00    985861    748743
  12.64236  12.64230      1.00    985977    744581
  12.64186  12.64190      1.00    985807    740153
  12.64136  12.64130      1.00    985735    735067
  12.64086  12.64090      1.00    984505    729916
  12.64037  12.64040      1.00    984548    724957
  12.63987  12.64000      1.00    984146    719577
  12.63937  12.63940      1.00    984538    713640
  12.63887  12.63890      1.00    984472    708495
  12.63837  12.63840      1.00    984416    703537
  12.63788  12.63770      1.00    982987    697534
  12.63738  12.63740      1.00    982684    694187
  12.63688  12.63680      1.00    980853    688091
  12.63638  12.63630      1.00    979307    683175
  12.63589  12.63590      1.00    977470    678303
  12.63539  12.63550      1.00    974737    672049
  12.63489  12.63490      1.00    973185    665749
  12.63440  12.63440      1.00    973458    661887
  12.63390  12.63400      1.00    975934    659696
  12.63340  12.63320      1.00    978831    657165
  12.63290  12.63290      1.00    979978    655837
  12.63241  12.63240      1.00    979756    652401
  12.63191  12.63190      1.00    980578    650005
  12.63141  12.63140      1.00    980943    647532
  12.63091  12.63100      1.00    980423    644800
  12.63042  12.63040      1.00    981109    642357
  12.62992  12.63000      1.00    981296    640452
  12.62942  12.62950      1.00    980983    637851
  12.62893  12.62890      1.00    979673    634821
  12.62843  12.62840      1.00    979192    632759
  12.62793  12.62790      1.00    979280    631127
  12.62744  12.62740      1.00    980241    630009
  12.62694  12.62680      1.00    980458    628514
  12.62644  12.62650      1.00    981047    627502
  12.62595  12.62590      1.00    980568    625217
  12.62545  12.62550      1.00    980250    623450
  12.62495  12.62500      1.00    980533    621751
  12.62446  12.62440      1.00    980086    619691
  12.62396  12.62400      1.00    980086    618321
  12.62346  12.62350      1.00    980284    616922
  12.62297  12.62280      1.00    979993    615382
  12.62247  12.62250      1.00    979462    614277
  12.62197  12.62200      1.00    979105    612989
  12.62148  12.62140      1.00    979006    612044
  12.62098  12.62110      1.00    979567    611833
  12.62049  12.62050      1.00    978862    610781
  12.61999  12.62010      1.00    978333    610160
  12.61949  12.61950      1.00    976713    609072
  12.61900  12.61910      1.00    974464    607805
  12.61850  12.61840      1.00    971645    606500
  12.61708  12.61700      1.00    967946    606121
  12.61567  12.61560      1.00    972833    612221
  12.61425  12.61430      1.00    974395    617135
  12.61284  12.61280      1.00    974035    621675
  12.61142  12.61140      1.00    972819    625372
  12.61000  12.61010      1.00    972423    629478
  12.60859  12.60870      1.00    970682    632882
  12.60717  12.60700      1.00    969328    636570
  12.60576  12.60570      1.00    968265    639735
  12.60435  12.60450      1.00    967882    643774
  12.60293  12.60280      1.00    967637    648342
  12.60152  12.60160      1.00    965835    650690
  12.60010  12.60010      1.00    965623    654257
  12.59869  12.59880      1.00    964740    656882
  12.59728  12.59710      1.00    964212    659722
  12.59587  12.59580      1.00    963281    661544
  12.59445  12.59460      1.00    961772    663140
  12.59304  12.59300      1.00    961553    665948
  12.59163  12.59160      1.00    961060    668254
  12.59022  12.59030      1.00    960516    670326
  12.58881  12.58900      1.00    960170    672529
  12.58740  12.58720      1.00    960500    675163
  12.58599  12.58590      1.00    959845    676308
  12.58458  12.58460      1.00    959469    677647
  12.58317  12.58320      1.00    957872    678085
  12.58176  12.58170      1.00    957895    679584
  12.58035  12.58040      1.00    957287    680388
  12.57894  12.57910      1.00    958168    682152
  12.57754  12.57740      1.00    957949    683067
  12.57613  12.57610      1.00    958209    683954
  12.57261  12.57260      1.00    957734    685845
  12.56909  12.56930      1.00    957643    689033
  12.56558  12.56540      1.00    951222    687371
  12.56207  12.56210      1.00    954486    691037
  12.55856  12.55870      1.00    955545    693250
  12.55505  12.55500      1.00    954579    694704
  12.55154  12.55150      1.00    953728    695447
  12.54804  12.54810      1.00    948002    692352
  12.54454  12.54450      1.00    949975    695282
  12.54104  12.54090      1.00    949313    695654
  12.53754  12.53760      1.00    950205    696551
  12.53404  12.53420      1.00    949574    697164
  12.53055  12.53040      1.00    948263    697940
  12.52705  12.52700      1.00    947270    697763
  12.52356  12.52370      1.00    946475    696348
  12.52007  12.52010      1.00    947374    694735
  12.51659  12.51640      1.00    946592    689872
  12.51310  12.51320      1.00    946800    684470
  12.50962  12.50980      1.00    945656    677924
  12.50614  12.50590      1.00    946043    673655
  12.50266  12.50270      1.00    945262    670711
  12.49918  12.49940      1.00    942635    667789
  12.49571  12.49550      1.00    940882    666924
  12.49224  12.49220      1.00    934747    663616
  12.48877  12.48900      1.00    933756    664315
  12.48530  12.48510      1.00    941630    671417
  12.48183  12.48180      1.00    936164    669250
  12.47836  12.47850      1.00    934252    670160
  12.47490  12.47490      1.00    940014    676892
  12.47144  12.47120      1.00    938764    678955
  12.46798  12.46820      1.00    936958    681102
  12.46452  12.46460      1.00    936623    685873
  12.46107  12.46090      1.00    935747    691217
  12.45761  12.45780      1.00    934974    697074
  12.45416  12.45410      1.00    933256    703289
  12.45071  12.45060      1.00    928619    706669
  12.44726  12.44730      1.00    924073    709098
  12.44382  12.44390      1.00    931946    718897
  12.44037  12.44040      1.00    929231    717301
  12.43693  12.43680      1.00    922145    709682
  12.43349  12.43360      1.00    935163    716612
  12.43005  12.43010      1.00    932106    710713
  12.42662  12.42650      1.00    929418    706541
  12.42318  12.42330      1.00    926576    704179
  12.41975  12.41980      1.00    923312    703230
  12.41632  12.41620      1.00    921878    704640
  12.41289  12.41290      1.00    920325    706051
  12.40946  12.40960      1.00    918141    706850
  12.40604  12.40590      1.00    917517    708834
  12.40262  12.40260      1.00    917392    711441
  12.39920  12.39940      1.00    917662    714818
  12.39578  12.39570      1.00    916779    716900
  12.39236  12.39220      1.00    915964    717345
  12.38894  12.38920      1.00    916443    717339
  12.38553  12.38540      1.00    919052    717764
  12.38212  12.38210      1.00    918282    715065
  12.37871  12.37890      1.00    917864    712575
  12.37530  12.37510      1.00    916752    710384
  12.37190  12.37190      1.00    915703    709902
  12.36849  12.36870      1.00    916551    712578
  12.36509  12.36500      1.00    916860    716358
  12.36169  12.36150      1.00    917599    720541
  12.35829  12.35850      1.00    916412    722754
  12.35490  12.35490      1.00    915944    725119
  12.35150  12.35130      1.00    913190    724334
  12.34811  12.34840      1.00    912539    724359
  12.34472  12.34460      1.00    910857    723101
  12.34133  12.34130      1.00    909209    721840
  12.33794  12.33800      1.00    906409    719920
  12.33456  12.33460      1.00    904614    718933
  12.33117  12.33100      1.00    906540    721065
  12.32779  12.32790      1.00    904145    719888
  12.32441  12.32440      1.00    902269    719654
  12.32103  12.32100      1.00    900153    719805
  12.31766  12.31770      1.00    898782    721204
  12.31429  12.31440      1.00    896624    722630
  12.31091  12.31080      1.00    888326    719713
  12.30754  12.30750      1.00    893435    727115
  12.30417  12.30420      1.00    891330    728412
  12.30081  12.30080      1.00    888530    728421
  12.29744  12.29750      1.00    880765    723415
  12.29408  12.29410      1.00    883788    726682
  12.29072  12.29060      1.00    881245    725126
  12.28736  12.28750      1.00    878024    723104
  12.28400  12.28400      1.00    875364    721805
  12.28065  12.28060      1.00    870623    718960
  12.27729  12.27730      1.00    857873    709534
  12.27394  12.27400      1.00    868598    720049
  12.27059  12.27060      1.00    866257    719703
  12.26725  12.26710      1.00    864113    719550
  12.26390  12.26410      1.00    862601    720034
  12.26055  12.26050      1.00    860666    720644
  12.25721  12.25720      1.00    861641    723725
  12.25387  12.25390      1.00    861983    726330
  12.25053  12.25040      1.00    859653    726479
  12.24720  12.24730      1.00    854393    723737
  12.24386  12.24390      1.00    855647    726178
  12.24053  12.24040      1.00    854021    725763
  12.23720  12.23730      1.00    855796    728053
  12.23387  12.23390      1.00    855767    728855
  12.23054  12.23050      1.00    857496    731241
  12.22721  12.22720      1.00    858052    732704
  12.22389  12.22400      1.00    859015    734772
  12.22057  12.22050      1.00    859251    736504
  12.21725  12.21720      1.00    860694    739563
  12.21393  12.21400      1.00    860891    741787
  12.21061  12.21060      1.00    860724    744027
  12.20729  12.20730      1.00    860127    745805
  12.20398  12.20400      1.00    859359    747280
  12.20067  12.20060      1.00    859312    748882
  12.19736  12.19740      1.00    858774    749556
  12.19405  12.19410      1.00    857981    749649
  12.19075  12.19070      1.00    856173    748356
  12.18744  12.18740      1.00    855116    747417
  12.18414  12.18430      1.00    853310    745665
  12.18084  12.18070      1.00    851826    744234
  12.17754  12.17760      1.00    850713    743244
  12.17424  12.17420      1.00    850272    743050
  12.17095  12.17090      1.00    851809    745000
  12.16765  12.16780      1.00    852183    746282
  12.16436  12.16430      1.00    852461    747711
  12.16107  12.16100      1.00    856051    752128
  12.15779  12.15790      1.00    855167    752714
  12.15450  12.15450      1.00    852832    752241
  12.15121  12.15110      1.00    850790    752131
  12.14793  12.14810      1.00    851155    754266
  12.14465  12.14460      1.00    850855    756169
  12.14137  12.14130      1.00    849914    757371
  12.13809  12.13820      1.00    849305    758873
  12.13482  12.13480      1.00    848522    760287
  12.13155  12.13140      1.00    846812    760628
  12.12827  12.12850      1.00    845988    761471
  12.12500  12.12480      1.00    845954    763058
  12.12173  12.12170      1.00    843741    762325
  12.11847  12.11870      1.00    841933    761924
  12.11520  12.11510      1.00    843091    764442
  12.11194  12.11180      1.00    842302    765224
  12.10868  12.10900      1.00    839260    764169
  12.10542  12.10520      1.00    836033    763362
  12.10216  12.10210      1.00    833975    763459
  12.09891  12.09920      1.00    829129    761022
  12.09565  12.09540      1.00    825588    759901
  12.09240  12.09230      1.00    824299    760326
  12.08915  12.08940      1.00    823027    760668
  12.08590  12.08570      1.00    821879    761190
  12.08265  12.08260      1.00    824281    764737
  12.07941  12.07960      1.00    823925    765694
  12.07616  12.07600      1.00    822674    765850
  12.07292  12.07300      1.00    820887    765363
  12.06968  12.06980      1.00    818031    764047
  12.06644  12.06630      1.00    815454    762814
  12.06321  12.06320      1.00    813004    761543
  12.05997  12.06000      1.00    810975    760519
  12.05674  12.05670      1.00    810481    760910
  12.05351  12.05360      1.00    810643    761765
  12.05028  12.05030      1.00    809975    761869
  12.04705  12.04700      1.00    809581    762221
  12.04382  12.04390      1.00    807829    761268
  12.04060  12.04060      1.00    805632    760127
  12.03737  12.03730      1.00    802320    758102
  12.02965  12.02980      1.00    796426    755815
  12.02193  12.02180      1.00    794927    758154
  12.01422  12.01430      1.00    795524    762301
  12.00652  12.00640      1.00    793554    763389
  11.99884  11.99910      1.00    792743    765242
  11.99116  11.99090      1.00    792602    768276
  11.98349  11.98360      1.00    793145    772343
  11.97583  11.97570      1.00    788984    772167
  11.96819  11.96830      1.00    787457    774053
  11.96055  11.96050      1.00    787794    777195
  11.95292  11.95280      1.00    788956    780972
  11.94530  11.94530      1.00    792407    787160
  11.93769  11.93780      1.00    795014    792823
  11.93009  11.93010      1.00    794640    795545
  11.92250  11.92250      1.00    790387    794175
  11.91492  11.91490      1.00    783416    789709
  11.90735  11.90740      1.00    778553    787279
  11.89979  11.89980      1.00    775473    787050
  11.89224  11.89210      1.00    769629    784392
  11.88470  11.88480      1.00    766005    784232
  11.87717  11.87720      1.00    762945    784604
  11.86965  11.86970      1.00    761959    786841
  11.86214  11.86190      1.00    762727    790960
  11.85463  11.85480      1.00    757990    789128
  11.84714  11.84700      1.00    762121    797137
  11.83966  11.83980      1.00    766163    804770
  11.83218  11.83210      1.00    769783    811853
  11.82472  11.82480      1.00    768469    813498
  11.81726  11.81720      1.00    759402    806659
  11.80982  11.81000      1.00    755630    805006
  11.80238  11.80220      1.00    751717    802969
  11.79496  11.79500      1.00    750698    804589
  11.78754  11.78760      1.00    746785    803408
  11.78013  11.78020      1.00    740217    798996
  11.77273  11.77250      1.00    733604    794409
  11.76534  11.76550      1.00    731495    794649
  11.75796  11.75800      1.00    735920    802093
  11.75059  11.75050      1.00    734078    802776
  11.74323  11.74330      1.00    734242    805710
  11.73588  11.73580      1.00    734697    809210
  11.72854  11.72870      1.00    736065    813714
  11.72121  11.72110      1.00    733871    814520
  11.71388  11.71390      1.00    729941    813201
  11.70657  11.70640      1.00    729683    815991
  11.69926  11.69950      1.00    729785    819169
  11.69196  11.69180      1.00    725418    817441
  11.68468  11.68480      1.00    718132    812127
  11.67740  11.67740      1.00    712467    808830
  11.67013  11.67020      1.00    712671    811943
  11.66287  11.66280      1.00    710344    812286
  11.65562  11.65550      1.00    709579    814234
  11.64838  11.64860      1.00    713418    821267
  11.64114  11.64100      1.00    707271    817266
  11.63392  11.63400      1.00    702522    814393
  11.62671  11.62660      1.00    692032    804902
  11.61950  11.61970      1.00    686634    801180
  11.61230  11.61210      1.00    681830    798315
  11.60512  11.60520      1.00    683399    802784
  11.59794  11.59800      1.00    681202    802934
  11.59077  11.59070      1.00    673679    796826
  11.58361  11.58370      1.00    671714    797252
  11.57645  11.57630      1.00    672986    801550
  11.56931  11.56950      1.00    672985    804244
  11.56218  11.56210      1.00    670911    804536
  11.55505  11.55500      1.00    665173    800276
  11.54794  11.54800      1.00    659455    796043
  11.54083  11.54080      1.00    657772    796701
  11.53373  11.53380      1.00    657415    798981
  11.52664  11.52650      1.00    652869    796103
  11.51956  11.51970      1.00    651947    797562
  11.51248  11.51230      1.00    648310    795785
  11.50542  11.50550      1.00    646764    796434
  11.49837  11.49850      1.00    642128    793329
  11.49132  11.49110      1.00    647717    802855
  11.48428  11.48440      1.00    636122    790974
  11.47725  11.47720      1.00    649454    810091
  11.47023  11.47030      1.00    648344    811161
  11.46322  11.46310      1.00    645018    809590
  11.45622  11.45620      1.00    644578    811591
  11.44922  11.44950      1.00    638598    806636
  11.44224  11.44200      1.00    634702    804420
  11.43526  11.43530      1.00    632293    803958
  11.42829  11.42850      1.00    631994    806183
  11.42133  11.42110      1.00    627557    803240
  11.41438  11.41450      1.00    618717    794589
  11.40744  11.40730      1.00    615628    793233
  11.40050  11.40060      1.00    615308    795323
  11.39357  11.39360      1.00    613311    795304
  11.38666  11.38650      1.00    611177    795096
  11.37975  11.37990      1.00    606316    791120
  11.37285  11.37270      1.00    603080    789361
  11.36595  11.36590      1.00    586552    769894
  11.35907  11.35930      1.00    591258    778540
  11.35220  11.35190      1.00    580730    767174
  11.34533  11.34540      1.00    598492    793255
  11.33847  11.33870      1.00    599425    796898
  11.33162  11.33140      1.00    596162    794985
  11.32478  11.32480      1.00    590773    790029
  11.31794  11.31800      1.00    585187    784735
  11.31112  11.31100      1.00    581539    782215
  11.29976  11.29990      1.00    582974    788000
  11.28842  11.28840      1.00    576314    782921
  11.27711  11.27700      1.00    574724    784672
  11.26582  11.26580      1.00    570269    782406
  11.25456  11.25470      1.00    564140    777887
  11.24331  11.24320      1.00    558181    773541
  11.23209  11.23210      1.00    553294    770508
  11.22089  11.22080      1.00    549724    769378
  11.20972  11.20980      1.00    543937    765024
  11.19856  11.19870      1.00    537490    759773
  11.18743  11.18720      1.00    527194    749325
  11.17632  11.17630      1.00    519760    742231
  11.16524  11.16530      1.00    513396    736565
  11.15417  11.15410      1.00    509122    734091
  11.14313  11.14310      1.00    501869    727096
  11.13211  11.13200      1.00    501835    730546
  11.12111  11.12110      1.00    487738    713169
  11.11013  11.11020      1.00    479085    703955
  11.09918  11.09920      1.00    473828    699652
  11.08824  11.08820      1.00    470918    698675
  11.07733  11.07730      1.00    479738    715243
  11.06644  11.06630      1.00    481924    722090
  11.05557  11.05560      1.00    474147    713607
  11.04473  11.04480      1.00    469359    709745
  11.03390  11.03390      1.00    472669    718425
  11.02310  11.02300      1.00    472863    722163
  11.01231  11.01230      1.00    472721    725391
  11.00155  11.00160      1.00    466143    718525
  10.99081  10.99090      1.00    475122    735947
  10.98009  10.98010      1.00    467625    727598
  10.96939  10.96950      1.00    470191    735023
  10.95871  10.95870      1.00    476833    748962
  10.94806  10.94810      1.00    459632    725049
  10.93742  10.93740      1.00    440637    698206
  10.92681  10.92670      1.00    432094    687835
  10.91621  10.91610      1.00    422588    675675
  10.90564  10.90570      1.00    417046    669876
  10.89508  10.89520      1.00    420735    678922
  10.88455  10.88450      1.00    434954    705184
  10.87404  10.87400      1.00    440405    717316
  10.86355  10.86360      1.00    443911    726212
  10.85308  10.85300      1.00    448681    737304
  10.84262  10.84260      1.00    445279    734966
  10.83219  10.83210      1.00    434928    721380
  10.82178  10.82180      1.00    424068    706156
  10.81139  10.81140      1.00    431559    722106
  10.80102  10.80110      1.00    427332    718067
  10.79067  10.79070      1.00    420727    709825
  10.78034  10.78030      1.00    412724    699452
  10.77003  10.77010      1.00    404695    688758
