10887.263453 	1.059102 
10893.224374 	1.055515 
10899.124360 	1.051943 
10904.891948 	1.048350 
10911.160956 	1.044769 
10916.660151 	1.041297 
10922.829452 	1.037926 
10928.399368 	1.034541 
10934.458139 	1.031061 
10940.445186 	1.027735 
10946.167915 	1.024269 
10952.361419 	1.020953 
10957.932991 	1.017697 
10964.188280 	1.014157 
10969.827162 	1.010877 
10976.009487 	1.007403 
10981.858646 	1.004110 
10987.669489 	1.000720 
10993.893554 	0.997195 
10999.557716 	0.993990 
11005.892338 	0.990628 
11011.565278 	0.987462 
11017.808373 	0.984169 
11023.664213 	0.980913 
11029.564977 	0.977589 
11035.655578 	0.974253 
11041.382998 	0.971044 
11047.730122 	0.967668 
11053.412049 	0.964426 
11059.745050 	0.961088 
11065.582493 	0.957968 
11071.729258 	0.954699 
11077.953940 	0.951482 
11083.714308 	0.948343 
11090.098656 	0.945101 
11095.825610 	0.941998 
11102.206795 	0.938854 
11108.042484 	0.935952 
11114.283582 	0.932929 
11120.572452 	0.930026 
11126.437196 	0.927240 
11132.865312 	0.925512 
11138.626480 	0.922712 
11145.080383 	0.919741 
11150.972035 	0.917545 
11157.123875 	0.915716 
11163.208178 	0.914557 
11169.170964 	0.914102 
11174.133900 	0.914919 
11176.072578 	0.915209 
11176.441582 	0.915209 
11176.799758 	0.915532 
11177.157957 	0.915722 
11177.505323 	0.916234 
11177.852712 	0.915988 
11178.178408 	0.916253 
11178.482409 	0.916272 
11178.775569 	0.917124 
11179.068744 	0.916840 
11179.530255 	0.917011 
11180.013526 	0.917579 
11180.339351 	0.918017 
11180.665195 	0.918319 
11180.991058 	0.918566 
11181.316940 	0.918966 
11181.686297 	0.918796 
11182.077408 	0.919232 
11182.479412 	0.919841 
11182.903177 	0.920051 
11183.104206 	0.920260 
11183.305241 	0.920468 
11183.707335 	0.921151 
11184.087721 	0.921273 
11184.479002 	0.922052 
11184.881182 	0.922413 
11185.294261 	0.922741 
11185.707372 	0.923370 
11186.098769 	0.923901 
11186.479320 	0.924669 
11186.849023 	0.924830 
11187.207877 	0.925791 
11187.566754 	0.926940 
11187.925654 	0.926802 
11188.284578 	0.928141 
11188.632647 	0.928968 
11188.958983 	0.929463 
11189.263580 	0.930363 
11189.568194 	0.931482 
11189.861944 	0.932037 
11190.155711 	0.932858 
11190.629034 	0.934835 
11191.113281 	0.936404 
11191.439763 	0.937272 
11191.755381 	0.938876 
11192.092786 	0.940071 
11192.441096 	0.941522 
11192.822086 	0.943006 
11193.224875 	0.944787 
11193.638581 	0.946100 
11193.845446 	0.947166 
11194.052319 	0.948231 
11194.444309 	0.950218 
11194.836327 	0.951912 
11195.217482 	0.953987 
11195.620447 	0.956854 
11196.034333 	0.959152 
11196.437357 	0.961221 
11196.840411 	0.964176 
11197.221705 	0.966937 
11197.603026 	0.969677 
11197.962581 	0.972902 
11198.322159 	0.976490 
11198.681761 	0.980171 
11199.041386 	0.984085 
11199.401035 	0.988597 
11199.738909 	0.993108 
11200.055002 	0.997791 
11200.349313 	1.003781 
11200.643639 	1.009290 
11200.937981 	1.015232 
11201.406780 	1.026132 
11201.897427 	1.037805 
11202.224549 	1.046710 
11202.540785 	1.056574 
11202.867946 	1.066903 
11203.216938 	1.078133 
11203.587766 	1.091655 
11203.980435 	1.105767 
11204.394950 	1.120652 
11204.809495 	1.138609 
11205.011325 	1.148366 
11205.213162 	1.158215 
11205.605947 	1.180003 
11205.998760 	1.203910 
11206.391600 	1.232859 
11206.806296 	1.263695 
11207.221023 	1.298853 
11207.624866 	1.340585 
11208.017823 	1.386674 
11208.388974 	1.438646 
11208.760151 	1.500307 
11209.120434 	1.570204 
11209.480741 	1.648818 
11209.851991 	1.738967 
11210.201425 	1.843602 
11210.539961 	1.956144 
11210.867596 	2.082944 
11211.184329 	2.225573 
11211.468311 	2.375067 
11211.774155 	2.530928 
11212.080015 	2.690617 
11212.566150 	2.907355 
11213.052328 	3.076193 
11213.380112 	3.132121 
11213.696989 	3.135608 
11214.046667 	3.091156 
11214.407295 	3.004544 
11214.800736 	2.892994 
11215.216064 	2.769442 
11215.631423 	2.640730 
11215.833649 	2.575949 
11216.035883 	2.515133 
11216.429439 	2.399606 
11216.823023 	2.295582 
11217.205701 	2.200725 
11217.621211 	2.121138 
11218.036751 	2.053736 
11218.441387 	1.998096 
11218.846052 	1.952504 
11219.228870 	1.918154 
11219.589838 	1.891687 
11219.961768 	1.873457 
11220.322784 	1.861948 
11220.683823 	1.856260 
11221.033944 	1.855492 
11221.384087 	1.858915 
11221.712367 	1.864719 
11222.029722 	1.873152 
11222.325207 	1.881733 
11222.620708 	1.890717 
11222.927170 	1.898578 
11223.397842 	1.908033 
11223.890448 	1.912484 
11224.218876 	1.912396 
11224.536375 	1.909932 
11224.864842 	1.905710 
11225.226178 	1.898604 
11225.609439 	1.890983 
11226.025582 	1.881201 
11226.441755 	1.871080 
11226.644377 	1.865729 
11226.847007 	1.860405 
11227.241334 	1.849256 
11227.635690 	1.838703 
11228.030074 	1.828051 
11228.435442 	1.817177 
11228.851797 	1.807129 
11229.268183 	1.798091 
11229.662683 	1.789102 
11230.057212 	1.781169 
11230.429848 	1.773740 
11230.802509 	1.767325 
11231.153272 	1.761271 
11231.525982 	1.756079 
11231.887754 	1.751913 
11232.238586 	1.748354 
11232.578475 	1.745385 
11232.896455 	1.742594 
11233.192522 	1.741120 
11233.488605 	1.740280 
11233.795670 	1.739744 
11234.267269 	1.739929 
11234.760845 	1.741292 
11235.089920 	1.742834 
11235.419014 	1.745094 
11235.748129 	1.747121 
11236.099205 	1.749846 
11236.483221 	1.753133 
11236.889210 	1.756133 
11237.306202 	1.758695 
11237.514710 	1.760637 
11237.723226 	1.762582 
11238.129305 	1.765611 
11238.524439 	1.769358 
11238.908623 	1.772353 
11239.314789 	1.776485 
11239.731965 	1.779933 
11240.149171 	1.782973 
11240.566409 	1.786678 
11240.764060 	1.788211 
11240.961717 	1.789747 
11241.335088 	1.792482 
11241.697503 	1.795951 
11242.070924 	1.799086 
11242.444371 	1.802493 
11242.806857 	1.804469 
11243.158383 	1.806901 
11243.658246 	1.810648 
11244.125192 	1.813340 
11244.421860 	1.815969 
11244.729534 	1.818265 
11245.037224 	1.819431 
11245.366911 	1.821488 
11245.850487 	1.824116 
11246.334106 	1.826226 
11246.674863 	1.829053 
11247.015641 	1.829828 
11247.389421 	1.831707 
11247.796211 	1.832914 
11248.005114 	1.833847 
11248.214026 	1.834781 
11248.631872 	1.836374 
11249.038753 	1.837410 
11249.434666 	1.839421 
11249.830607 	1.840778 
11250.226577 	1.841723 
11250.633575 	1.843495 
11251.051605 	1.845358 
11251.458663 	1.845801 
11251.656703 	1.846881 
11251.854749 	1.847960 
11252.239860 	1.849954 
11252.613993 	1.851313 
11252.977147 	1.853379 
11253.351330 	1.854914 
11253.703525 	1.857631 
11254.066750 	1.860089 
11254.573104 	1.863616 
11255.046476 	1.867435 
11255.343730 	1.869900 
11255.641000 	1.872811 
11255.949297 	1.875158 
11256.279635 	1.877725 
11256.598980 	1.881058 
11257.094551 	1.885487 
11257.579153 	1.889823 
11257.931617 	1.893284 
11258.295120 	1.895586 
11258.691695 	1.897679 
11258.901010 	1.899292 
11259.110333 	1.900906 
11259.529002 	1.903303 
11259.947703 	1.905114 
11260.344397 	1.907461 
11260.741119 	1.909181 
11261.137869 	1.910505 
11261.545669 	1.911696 
11261.964523 	1.913193 
11262.372384 	1.913920 
11262.576326 	1.913816 
11262.780276 	1.913713 
11263.166147 	1.914148 
11263.529993 	1.913776 
11263.893862 	1.912443 
11264.268783 	1.911963 
11264.632701 	1.910837 
11264.996644 	1.908638 
11265.349580 	1.906433 
11265.834904 	1.902235 
11266.298207 	1.897361 
11266.908651 	1.890801 
11268.378035 	1.871888 
11270.259930 	1.848240 
11272.099396 	1.827211 
11274.122850 	1.806608 
11275.970227 	1.789718 
11277.749683 	1.776579 
11279.712167 	1.766504 
11281.644923 	1.761088 
11283.472121 	1.757974 
11285.468731 	1.755382 
11287.456461 	1.753656 
11289.370683 	1.752302 
11291.230159 	1.751346 
11293.036680 	1.751042 
11294.868183 	1.751335 
11296.851144 	1.752489 
11298.812990 	1.754932 
11300.731127 	1.759491 
11302.659919 	1.765768 
11304.504592 	1.771536 
11306.347654 	1.778912 
11308.301366 	1.788320 
11310.222406 	1.799897 
11312.135212 	1.813457 
11313.906811 	1.824662 
11315.760223 	1.834572 
11317.815221 	1.842959 
11319.735092 	1.849283 
11321.619970 	1.852097 
11323.385115 	1.850324 
11325.195415 	1.844583 
11327.253896 	1.836341 
11329.313137 	1.825140 
11331.214650 	1.813010 
11333.068803 	1.799559 
11334.872197 	1.787345 
11336.757731 	1.777735 
11338.816013 	1.769356 
11340.668781 	1.763091 
11342.713088 	1.757025 
11345.177514 	1.751131 
11347.885702 	1.747274 
11350.569004 	1.744901 
11353.131940 	1.743385 
11355.691047 	1.742364 
11358.251727 	1.741674 
11360.895396 	1.741440 
11363.546195 	1.741919 
11366.234217 	1.742732 
11368.898048 	1.744658 
11371.673693 	1.746998 
11374.342994 	1.749603 
11377.092672 	1.753709 
11379.546564 	1.758957 
11382.234637 	1.763973 
11384.932586 	1.768706 
11387.607205 	1.773322 
11390.260072 	1.777144 
11392.822507 	1.779315 
11395.534696 	1.779636 
11398.312742 	1.778702 
11400.864328 	1.775961 
11403.470778 	1.771706 
11406.144758 	1.767385 
11408.790372 	1.762549 
11411.619018 	1.756383 
11414.323762 	1.750420 
11416.965136 	1.745864 
11419.643927 	1.741204 
11422.391182 	1.736168 
11424.875093 	1.731624 
11427.609292 	1.727336 
11430.342927 	1.723811 
11433.010846 	1.719924 
11435.671027 	1.715895 
11438.266579 	1.713032 
11440.984798 	1.710160 
11443.757742 	1.708057 
11446.312944 	1.706444 
11449.158935 	1.705104 
11452.489629 	1.704656 
11455.958947 	1.704812 
11459.185151 	1.706019 
11462.582072 	1.707911 
11466.048044 	1.710280 
11469.349672 	1.712561 
11472.856969 	1.715202 
11476.399405 	1.716849 
11479.709254 	1.717645 
11483.008683 	1.717386 
11486.521792 	1.716069 
11489.886556 	1.714097 
11493.127726 	1.710939 
11496.652265 	1.707461 
11500.157083 	1.703945 
11503.517176 	1.699705 
11506.980343 	1.695889 
11510.550290 	1.691956 
11513.929172 	1.688503 
11517.207587 	1.684916 
11520.718087 	1.681708 
11524.147662 	1.678862 
11527.414010 	1.675760 
11530.883899 	1.672863 
11534.432923 	1.670033 
11537.860726 	1.667003 
11541.280815 	1.664210 
11544.869023 	1.662115 
11548.322041 	1.660296 
11551.590711 	1.657859 
11555.085426 	1.656447 
11558.578092 	1.655260 
11561.883019 	1.654156 
11565.292569 	1.653420 
11568.879298 	1.652864 
11572.393280 	1.652442 
11575.779145 	1.652326 
11579.356768 	1.651947 
11582.891446 	1.651598 
11586.364382 	1.651123 
11590.281639 	1.650191 
11594.461313 	1.648818 
11598.517332 	1.646917 
11602.880074 	1.644853 
11606.933126 	1.642083 
11610.884996 	1.639283 
11615.303815 	1.636600 
11619.427574 	1.633018 
11623.525314 	1.629211 
11627.759292 	1.625770 
11631.756477 	1.621970 
11635.977501 	1.618505 
11640.184149 	1.615253 
11644.108029 	1.611851 
11648.274086 	1.608818 
11652.437740 	1.605999 
11656.531547 	1.602982 
11660.821317 	1.600653 
11665.052138 	1.598421 
11669.158985 	1.596232 
11673.582415 	1.594361 
11677.681339 	1.592507 
11681.681183 	1.590770 
11686.171073 	1.589030 
11690.341113 	1.587446 
11694.460230 	1.585497 
11698.745633 	1.583937 
11702.807405 	1.581960 
11707.091069 	1.580109 
11711.350069 	1.578131 
11715.329566 	1.575986 
11719.554150 	1.573936 
11723.763765 	1.571751 
11727.896900 	1.569249 
11732.248466 	1.567008 
11736.531723 	1.564914 
11740.691355 	1.562359 
11745.170652 	1.559798 
11749.329930 	1.557192 
11753.396135 	1.554300 
11758.342263 	1.551173 
11763.209287 	1.547699 
11768.301161 	1.544189 
11773.162015 	1.540767 
11777.836352 	1.537245 
11782.805206 	1.533870 
11787.483917 	1.530540 
11792.632269 	1.527010 
11797.481774 	1.524043 
11802.195855 	1.521179 
11807.378713 	1.518704 
11812.027338 	1.516174 
11817.060135 	1.513848 
11822.102583 	1.511357 
11826.896575 	1.509121 
11831.887858 	1.506820 
11836.538574 	1.504477 
11841.841276 	1.502146 
11846.825846 	1.499496 
11851.496592 	1.496993 
11856.713322 	1.494368 
11861.368472 	1.491606 
11866.531671 	1.488619 
11871.495278 	1.485584 
11876.446098 	1.482571 
11881.631839 	1.479604 
11886.326965 	1.476337 
11891.563400 	1.473385 
11896.469036 	1.470127 
11901.523865 	1.466886 
11906.649698 	1.463977 
11911.365773 	1.460843 
11916.433960 	1.457828 
11921.344285 	1.454707 
11926.479521 	1.451633 
11931.585146 	1.448741 
11936.329708 	1.445651 
11941.640022 	1.442652 
11946.486447 	1.439707 
11951.721586 	1.436750 
11957.361153 	1.433389 
11962.710193 	1.430289 
11968.381219 	1.427241 
11973.786630 	1.424004 
11979.742801 	1.421017 
11984.943739 	1.417833 
11990.848508 	1.414821 
11996.418930 	1.411752 
12002.143800 	1.408809 
12007.726063 	1.405799 
12013.418479 	1.402880 
12019.235550 	1.399695 
12024.544032 	1.396683 
12030.548066 	1.393437 
12035.978141 	1.390358 
12041.977733 	1.387253 
12047.281120 	1.384338 
12053.158955 	1.381017 
12058.886048 	1.377749 
12064.570558 	1.374367 
12070.317177 	1.370843 
12075.961755 	1.367249 
12081.927028 	1.363855 
12087.214911 	1.360469 
12093.289509 	1.357188 
12098.813596 	1.354000 
12104.826606 	1.350640 
12110.253021 	1.347544 
12116.070460 	1.344414 
12121.961643 	1.341170 
12127.554595 	1.338023 
12133.498995 	1.335003 
12139.104590 	1.331824 
12145.183195 	1.328759 
12150.709527 	1.325736 
12156.822484 	1.322656 
12162.206358 	1.319800 
12168.212135 	1.316673 
12174.017330 	1.313560 
12180.022049 	1.310344 
12186.216583 	1.306988 
12192.328355 	1.303727 
12198.834133 	1.300098 
12205.159986 	1.296656 
12211.509189 	1.293260 
12217.742995 	1.289897 
12224.366708 	1.286362 
12230.594630 	1.282846 
12237.263927 	1.279291 
12243.256059 	1.275809 
12249.767941 	1.272419 
12255.900723 	1.268987 
12262.671252 	1.265516 
12268.812336 	1.262034 
12275.642348 	1.258374 
12281.790975 	1.254833 
12288.414974 	1.251400 
12294.536125 	1.247946 
12301.412338 	1.244365 
12307.538701 	1.240739 
12314.456972 	1.237439 
12320.574465 	1.234170 
12327.472285 	1.230721 
12333.604658 	1.227337 
12340.325677 	1.224067 
12346.282901 	1.220670 
12353.224998 	1.217308 
12359.419749 	1.213888 
12366.367942 	1.210402 
12372.607185 	1.207004 
12379.354182 	1.203673 
12385.676716 	1.200254 
12392.633148 	1.196732 
12398.731041 	1.193439 
12405.436111 	1.190124 
12411.853161 	1.186677 
12418.792977 	1.183139 
12425.263082 	1.179556 
12431.968144 	1.176053 
12438.464816 	1.172642 
12445.606847 	1.168900 
12452.315718 	1.165282 
12459.758738 	1.161444 
12466.401838 	1.157789 
12473.899101 	1.154060 
12480.721490 	1.150460 
12488.269350 	1.146803 
12495.092364 	1.143045 
12502.663807 	1.139286 
12509.270529 	1.135849 
12516.803797 	1.132113 
12523.717396 	1.128358 
12530.996800 	1.124704 
12537.764133 	1.121116 
12545.208619 	1.117585 
12552.280518 	1.113840 
12559.619409 	1.110213 
12566.837411 	1.106443 
12574.076740 	1.102813 
12581.198664 	1.099187 
12588.113518 	1.095805 
12595.521927 	1.092160 
12602.615402 	1.088556 
12610.162138 	1.084863 
12617.183003 	1.081332 
12624.806279 	1.077539 
12631.535142 	1.074012 
12639.221925 	1.070245 
12646.180815 	1.066525 
12653.925802 	1.062988 
12660.895859 	1.059621 
12668.616254 	1.056057 
12675.392966 	1.052531 
12683.099151 	1.048723 
12690.217221 	1.045026 
12697.844297 	1.041279 
12705.055040 	1.037603 
12712.599325 	1.033932 
12719.706308 	1.030207 
